ZNC,20190218,0.07,0.075,0.07,0.075,18000
ZMI,20190218,0.005,0.005,0.005,0.005,622000
ZLD,20190218,0.059,0.06,0.057,0.059,500129
ZIP,20190218,0.015,0.015,0.015,0.015,332003
ZEN,20190218,0.7,0.7,0.69,0.695,386522
ZEL,20190218,5.83,5.84,5.81,5.83,2536
Z1P,20190218,1.375,1.44,1.375,1.43,1458852
YRL,20190218,0.22,0.22,0.22,0.22,19950
YPB,20190218,0.013,0.013,0.012,0.012,660367
YOW,20190218,0.07,0.07,0.069,0.069,43200
YOJ,20190218,0.088,0.088,0.081,0.081,669311
YAL,20190218,3.14,3.14,3.14,3.14,24
XXJ,20190218,6446.4,6496.5,6434.6,6447.4,0
XUJ,20190218,7947.9,8014,7947.9,7970,0
XTO,20190218,4989.2,5030.6,4989.2,5010.2,0
XTL,20190218,3365,3394.6,3365,3382.3,0
XTJ,20190218,1133.4,1145.2,1133,1144.7,0
XTE,20190218,0.4,0.4,0.385,0.385,108141
XTD,20190218,0.03,0.03,0.023,0.023,2519103
XST,20190218,0.003,0.003,0.003,0.003,6249167
XSO,20190218,2726.2,2744.4,2725.7,2731.2,0
XSJ,20190218,10803.3,10915.2,10803.3,10830.4,0
XRO,20190218,48.99,49,48.07,48.67,298546
XPJ,20190218,1500.7,1512.5,1494.8,1509.1,0
XNJ,20190218,6105.9,6109.2,6044.9,6061.2,0
XMM,20190218,4163.6,4237.9,4163.6,4216.5,0
XMJ,20190218,12694.7,12887.4,12694.7,12821.1,0
XMD,20190218,6547.2,6595.4,6547.2,6559.2,0
XKO,20190218,6013.4,6062,6013.4,6037.1,0
XJR,20190218,4642.7,4724.7,4642.7,4705.3,0
XJO,20190218,6066.1,6115.7,6066.1,6089.8,0
XIP,20190218,1.58,1.6,1.58,1.6,28954
XIJ,20190218,1236.4,1247.2,1235,1238.5,0
XHJ,20190218,29307.6,29699.8,29307.6,29533.9,0
XGD,20190218,5969.6,6084.9,5969.6,6031.2,0
XFL,20190218,5964,6014.8,5964,5991.4,0
XFJ,20190218,5779.8,5824.7,5769.2,5780.7,0
XF1,20190218,0.49,0.49,0.49,0.49,2150
XEJ,20190218,11388.4,11615.3,11388.4,11566.9,0
XEC,20190218,1280.3,1295.4,1280.3,1284.4,0
XDJ,20190218,2263.2,2281.1,2260.7,2262.9,0
XAT,20190218,6013.2,6062.4,6013.2,6037,0
XAO,20190218,6148.6,6196.9,6148.6,6170.7,0
XAM,20190218,0.105,0.11,0.098,0.105,2292305
XAF,20190218,5917.7,5966.9,5917.7,5943.7,0
WZR,20190218,0.063,0.066,0.059,0.06,2575817
WWI,20190218,0.009,0.009,0.008,0.008,1403721
WTC,20190218,22.74,23.14,22.57,22.64,507899
WSI,20190218,0.023,0.023,0.023,0.023,559860
WSA,20190218,2.43,2.56,2.43,2.51,2155014
WRM,20190218,0.006,0.006,0.006,0.006,794150
WQG,20190218,1.065,1.07,1.065,1.07,86507
WPP,20190218,0.565,0.565,0.53,0.535,114887
WPL,20190218,36.61,37.1,36.51,36.89,3380233
WOW,20190218,30.26,30.43,30.16,30.24,1069427
WOR,20190218,15.28,15.51,15.28,15.34,1009988
WND,20190218,0.87,0.925,0.86,0.905,561012
WMK,20190218,0.84,0.84,0.835,0.835,373311
WMI,20190218,1.26,1.27,1.24,1.26,120768
WMC,20190218,0.018,0.018,0.018,0.018,78618
WLL,20190218,5.15,5.15,5,5,4541
WLE,20190218,1.13,1.135,1.125,1.13,614478
WLD,20190218,0.061,0.061,0.061,0.061,10000
WKT,20190218,0.1,0.1,0.1,0.1,40000
WIC,20190218,1.08,1.08,1.08,1.08,47457
WHK,20190218,0.063,0.068,0.063,0.067,575261
WHF,20190218,4.4,4.41,4.39,4.39,15780
WHC,20190218,4.6,4.695,4.54,4.55,9257864
WHA,20190218,0.905,0.93,0.905,0.92,297820
WGX,20190218,1.15,1.19,1.135,1.165,608628
WGN,20190218,3.15,3.15,3.01,3.07,99488
WGF,20190218,0.97,0.98,0.97,0.975,103265
WGB,20190218,1.905,1.915,1.905,1.905,177419
WES,20190218,33.57,33.7,33.31,33.46,1373373
WEL,20190218,0.021,0.021,0.021,0.021,73002
WEB,20190218,11.77,11.97,11.62,11.69,592297
WCN,20190218,0.009,0.009,0.009,0.009,2160840
WBE,20190218,0.004,0.004,0.004,0.004,2169900
WBC,20190218,26.3,26.48,26.18,26.28,4448409
WBA,20190218,1.6,1.61,1.59,1.6,71833
WAX,20190218,1.35,1.35,1.325,1.325,198739
WAM,20190218,2.16,2.17,2.15,2.16,389783
WAF,20190218,0.25,0.255,0.245,0.25,2614807
WAA,20190218,0.98,0.995,0.98,0.995,12296
VXR,20190218,0.245,0.25,0.245,0.245,357002
VVR,20190218,2.45,2.45,2.39,2.4,1253551
VTS,20190218,200,200.41,199.57,199.92,8900
VTI,20190218,0.14,0.145,0.135,0.135,11819
VTH,20190218,0.915,0.925,0.915,0.92,50000
VTG,20190218,1.4,1.425,1.32,1.32,681861
VSO,20190218,55.55,55.78,55.43,55.43,3426
VRX,20190218,0.105,0.105,0.105,0.105,30000
VRT,20190218,4.22,4.22,4.17,4.17,88086
VRS,20190218,0.078,0.078,0.074,0.074,933823
VRM,20190218,0.016,0.017,0.016,0.017,241621
VRL,20190218,3.23,3.35,3.23,3.34,136451
VRC,20190218,0.023,0.024,0.023,0.023,1270826
VOC,20190218,3.65,3.69,3.61,3.61,1749830
VN8,20190218,0.105,0.105,0.1,0.1,53031
VMY,20190218,0.06,0.064,0.06,0.064,2295523
VMX,20190218,0.23,0.23,0.215,0.215,30728
VMT,20190218,0.063,0.063,0.063,0.063,16070
VMS,20190218,0.019,0.025,0.019,0.024,1442613
VML,20190218,0.007,0.007,0.007,0.007,1318296
VMG,20190218,0.001,0.001,0.001,0.001,350960
VMC,20190218,0.125,0.125,0.125,0.125,7157
VLW,20190218,1.97,2.02,1.955,1.97,303918
VLT,20190218,0.18,0.2,0.17,0.2,273782
VLC,20190218,62.37,62.49,62.37,62.49,1735
VKA,20190218,0.012,0.012,0.012,0.012,500000
VIV,20190218,0.027,0.027,0.026,0.026,231000
VIF,20190218,48.15,48.32,48.15,48.3,5590
VHY,20190218,56.25,56.63,56.25,56.42,19724
VHT,20190218,1.06,1.065,1.045,1.045,193393
VGS,20190218,70.53,70.59,70.34,70.41,39989
VGE,20190218,64.2,64.5,64,64.13,18845
VGB,20190218,50.58,50.61,50.52,50.53,103443
VG1,20190218,2.49,2.5,2.48,2.49,135866
VEU,20190218,68.98,69.18,68.86,68.95,12749
VEQ,20190218,52.83,53.16,52.83,52.88,3281
VEE,20190218,0.49,0.49,0.49,0.49,24000
VEA,20190218,2.34,2.34,2.27,2.29,4363278
VCX,20190218,2.54,2.545,2.51,2.53,13193318
VCF,20190218,47.35,47.35,47.35,47.35,984
VAS,20190218,77.54,77.75,77.2,77.75,47538
VAP,20190218,85.89,86,85.01,85.7,16531
VAN,20190218,0.15,0.155,0.145,0.155,176020
VAH,20190218,0.195,0.2,0.195,0.2,313726
VAF,20190218,49.96,49.96,49.9,49.91,31760
VAE,20190218,63.82,63.95,63.5,63.76,5240
UWL,20190218,0.195,0.2,0.185,0.19,299577
UTR,20190218,0.006,0.006,0.005,0.006,4913634
USD,20190218,13.72,13.72,13.68,13.69,37863
URW,20190218,11.42,11.48,11.41,11.46,1065293
URF,20190218,1.24,1.24,1.215,1.22,9781
URB,20190218,0.92,0.92,0.915,0.92,44103
UNV,20190218,0.345,0.35,0.34,0.34,532495
UNL,20190218,0.02,0.02,0.02,0.02,110535
UCM,20190218,0.13,0.13,0.13,0.13,366
UBW,20190218,26.07,26.07,26.03,26.03,414
UBU,20190218,28.69,28.69,28.69,28.69,35
UBP,20190218,25.01,25.2,25.01,25.2,343
UBI,20190218,0.245,0.245,0.23,0.23,158728
UBE,20190218,21.29,21.29,21.29,21.29,44
UBA,20190218,20.28,20.42,20.28,20.42,3146
TZN,20190218,0.09,0.095,0.09,0.095,251968
TZL,20190218,0.255,0.255,0.255,0.255,686
TYX,20190218,0.007,0.007,0.007,0.007,634087
TYM,20190218,0.37,0.39,0.37,0.39,372787
TWR,20190218,0.695,0.695,0.695,0.695,840
TWE,20190218,16.09,16.23,15.46,15.5,5658167
TWD,20190218,3.61,3.61,3.61,3.61,4800
TV2,20190218,0.007,0.008,0.007,0.007,12455364
TTT,20190218,2.12,2.12,2.07,2.07,52868
TTL,20190218,0.018,0.018,0.018,0.018,739590
TTI,20190218,0.03,0.03,0.029,0.029,736849
TTB,20190218,0.031,0.031,0.031,0.031,118996
TSN,20190218,0.007,0.008,0.007,0.008,1020100
TSL,20190218,0.015,0.015,0.015,0.015,726919
TSC,20190218,0.005,0.006,0.005,0.006,810671
TRY,20190218,0.105,0.105,0.1,0.105,915105
TRS,20190218,2.76,2.76,2.74,2.74,106711
TRL,20190218,0.003,0.003,0.003,0.003,550000
TPP,20190218,0.12,0.12,0.12,0.12,16542
TPM,20190218,6.69,6.87,6.58,6.84,2291030
TPE,20190218,1.08,1.08,1.05,1.05,22999
TPD,20190218,0.003,0.003,0.003,0.003,7920
TOU,20190218,0.1,0.1,0.097,0.097,69614
TOT,20190218,1.2,1.2,1.2,1.2,92429
TOP,20190218,0.645,0.645,0.635,0.64,78182
TOE,20190218,0.025,0.026,0.025,0.025,397951
TNY,20190218,0.39,0.395,0.39,0.395,5000
TNR,20190218,0.025,0.025,0.025,0.025,240000
TNO,20190218,0.11,0.11,0.105,0.105,302826
TNK,20190218,1.8,1.82,1.8,1.8,30731
TNG,20190218,0.105,0.105,0.1,0.105,193905
TNE,20190218,7.37,7.4,7.33,7.38,550604
TMT,20190218,0.275,0.29,0.27,0.28,418474
TMR,20190218,0.235,0.235,0.23,0.23,20057
TME,20190218,6.14,6.15,6.125,6.15,347718
TLX,20190218,0.725,0.725,0.7,0.7,53536
TLS,20190218,3.19,3.215,3.18,3.21,22800705
TLM,20190218,0.225,0.225,0.22,0.22,648745
TLG,20190218,0.385,0.39,0.375,0.375,131567
TKM,20190218,0.007,0.007,0.007,0.007,4000
TIE,20190218,0.093,0.097,0.093,0.097,160086
TIA,20190218,0.56,0.56,0.56,0.56,300
THX,20190218,0.012,0.012,0.012,0.012,41666
THR,20190218,0.021,0.021,0.017,0.017,195944
THC,20190218,0.575,0.59,0.57,0.57,139176
TGR,20190218,4.84,4.925,4.79,4.85,1575448
TGP,20190218,1.03,1.035,1.02,1.035,107715
TGN,20190218,0.25,0.26,0.24,0.26,89734
TGG,20190218,1.3,1.3,1.285,1.29,360918
TGF,20190218,2.46,2.47,2.44,2.44,38542
TGA,20190218,0.46,0.48,0.46,0.48,62927
TER,20190218,0.58,0.6,0.57,0.6,432421
TEK,20190218,0.22,0.22,0.215,0.22,935898
TEG,20190218,0.125,0.125,0.115,0.125,699171
TDO,20190218,0.1,0.11,0.1,0.1,505560
TDL,20190218,0.043,0.043,0.041,0.041,37856
TCL,20190218,12.29,12.29,12.145,12.18,3396976
TBR,20190218,3.95,3.95,3.88,3.95,2990
TBL,20190218,0.008,0.008,0.008,0.008,28166
TBH,20190218,0.038,0.038,0.036,0.036,185284
TAS,20190218,0.048,0.048,0.048,0.048,25609
TAR,20190218,0.064,0.064,0.064,0.064,4689
TAP,20190218,0.09,0.09,0.09,0.09,40442
TAM,20190218,0.045,0.045,0.045,0.045,25000
TAH,20190218,4.53,4.56,4.51,4.52,4652508
SYT,20190218,0.006,0.006,0.006,0.006,53000
SYR,20190218,1.355,1.355,1.322,1.33,1469163
SYI,20190218,27.62,27.66,27.62,27.62,2684
SYD,20190218,6.96,6.97,6.9,6.91,3023703
SYA,20190218,0.022,0.023,0.022,0.023,502687
SXY,20190218,0.37,0.375,0.36,0.365,6808637
SXX,20190218,0.005,0.005,0.005,0.005,20000
SXL,20190218,1.145,1.145,1.12,1.14,751223
SXE,20190218,0.65,0.65,0.62,0.64,46362
SWM,20190218,0.56,0.58,0.56,0.565,3545166
SWK,20190218,0.22,0.22,0.217,0.22,391575
SWF,20190218,0.063,0.063,0.063,0.063,50000
SW1,20190218,0.27,0.28,0.26,0.27,184943
SVY,20190218,0.28,0.33,0.275,0.32,1087813
SVW,20190218,17.47,17.47,16.935,17.08,733217
SVT,20190218,0.013,0.013,0.013,0.013,45053
SVM,20190218,0.073,0.073,0.073,0.073,233810
SVL,20190218,0.06,0.062,0.059,0.061,2397023
SVH,20190218,0.013,0.013,0.013,0.013,150000
SUR,20190218,0.004,0.004,0.004,0.004,500000
SUN,20190218,13.2,13.23,12.99,13.07,2114163
SUL,20190218,7.78,8,7.76,7.85,843126
SUH,20190218,0.031,0.031,0.031,0.031,11760
SUD,20190218,0.006,0.006,0.005,0.005,255000
STX,20190218,0.067,0.067,0.065,0.066,577157
STW,20190218,57.07,57.15,56.82,56.87,75445
STO,20190218,6.81,6.855,6.78,6.79,3718177
STN,20190218,0.2,0.2,0.2,0.2,43150
STM,20190218,0.032,0.032,0.03,0.03,355000
STG,20190218,1.39,1.39,1.35,1.35,70142
STA,20190218,0.1,0.1,0.1,0.1,1023830
ST1,20190218,0.14,0.15,0.14,0.145,64793
SSO,20190218,14.63,14.63,14.63,14.63,1999
SSM,20190218,1.99,2.07,1.885,2.03,6959900
SSG,20190218,0.33,0.345,0.33,0.345,120833
SRZ,20190218,0.013,0.013,0.013,0.013,1084
SRV,20190218,3.05,3.14,3.05,3.08,40953
SRS,20190218,0.066,0.067,0.066,0.066,1800438
SRO,20190218,0.001,0.001,0.001,0.001,2780670
SRN,20190218,0.004,0.004,0.004,0.004,148249
SRI,20190218,0.008,0.008,0.008,0.008,2269596
SRG,20190218,0.48,0.48,0.475,0.48,97059
SPZ,20190218,0.115,0.115,0.115,0.115,261864
SPY,20190218,389.19,389.19,388.15,388.15,88
SPX,20190218,0.005,0.005,0.005,0.005,249689
SPT,20190218,0.855,0.87,0.79,0.795,3473442
SPQ,20190218,0.005,0.005,0.005,0.005,50000
SPO,20190218,1.6,1.6,1.6,1.6,12566
SPL,20190218,1.09,1.092,1.07,1.08,175924
SPK,20190218,3.93,3.93,3.895,3.9,958507
SP3,20190218,0.16,0.16,0.16,0.16,2112
SOR,20190218,0.039,0.039,0.035,0.035,585808
SOM,20190218,1.63,1.63,1.625,1.63,38794
SOL,20190218,29.42,29.66,28.98,29.21,312288
SO4,20190218,0.475,0.48,0.475,0.477,87744
SNZ,20190218,6.04,6.04,6.04,6.04,215
SNS,20190218,0.08,0.08,0.079,0.08,159515
SNL,20190218,3.92,3.93,3.92,3.93,1203
SND,20190218,0.355,0.36,0.355,0.355,10802
SNC,20190218,0.855,0.855,0.85,0.85,15000
SMX,20190218,0.26,0.26,0.26,0.26,843
SMR,20190218,1.095,1.13,1.095,1.115,279087
SMP,20190218,0.19,0.19,0.185,0.185,10286
SMN,20190218,0.955,0.955,0.925,0.925,115507
SMI,20190218,0.005,0.006,0.005,0.005,5778361
SM8,20190218,0.019,0.024,0.019,0.023,888481
SM1,20190218,9.41,9.44,9.3,9.41,62836
SLZ,20190218,0.11,0.115,0.105,0.11,280500
SLX,20190218,0.255,0.26,0.245,0.245,197643
SLR,20190218,0.625,0.65,0.625,0.65,3558611
SLK,20190218,4.01,4.05,3.98,4.05,10000
SLF,20190218,13.6,13.61,13.51,13.58,24161
SLC,20190218,1.54,1.56,1.52,1.56,455254
SL1,20190218,0.017,0.017,0.017,0.017,130000
SKT,20190218,1.75,1.75,1.672,1.71,242005
SKO,20190218,3.05,3.05,3.03,3.03,6324
SKI,20190218,2.26,2.27,2.23,2.25,6150263
SKF,20190218,0.15,0.15,0.145,0.145,72359
SKC,20190218,3.71,3.72,3.66,3.68,240146
SIV,20190218,1.84,1.85,1.775,1.805,34569
SIS,20190218,0.073,0.073,0.072,0.073,47324
SIQ,20190218,9.8,9.8,8.75,8.9,1845957
SIL,20190218,0.305,0.305,0.3,0.3,1124354
SIH,20190218,0.014,0.014,0.014,0.014,135882
SIG,20190218,0.595,0.6,0.59,0.595,1182376
SI6,20190218,0.004,0.004,0.004,0.004,726437
SHV,20190218,6.12,6.25,6.12,6.2,103029
SHO,20190218,0.08,0.08,0.07,0.07,462565
SHM,20190218,0.55,0.575,0.55,0.57,156514
SHL,20190218,23.89,23.93,23.57,23.65,991692
SHJ,20190218,0.65,0.67,0.645,0.665,110438
SHH,20190218,0.006,0.006,0.006,0.006,59990
SGR,20190218,4.6,4.64,4.57,4.58,2047796
SGQ,20190218,0.145,0.15,0.145,0.15,335875
SGP,20190218,3.76,3.77,3.73,3.76,6525150
SGM,20190218,11.39,11.41,11.12,11.15,692881
SGI,20190218,0.145,0.145,0.145,0.145,160000
SGH,20190218,2.3,2.35,2.3,2.32,2821
SGF,20190218,2.68,2.73,2.585,2.62,474298
SFY,20190218,55.72,56.2,55.72,55.99,4207
SFR,20190218,8.1,8.34,8.02,8.18,1221322
SFG,20190218,0.115,0.115,0.115,0.115,207925
SFC,20190218,14.49,14.55,14.49,14.49,1924
SEQ,20190218,0.265,0.265,0.265,0.265,31306
SEN,20190218,0.073,0.073,0.073,0.073,395380
SEK,20190218,17.06,17.22,16.78,16.8,1244558
SEI,20190218,0.021,0.023,0.021,0.023,1077380
SEC,20190218,1.71,1.72,1.7,1.72,109491
SEA,20190218,0.4,0.41,0.395,0.4,3234101
SE1,20190218,0.11,0.11,0.105,0.11,232554
SDV,20190218,0.07,0.07,0.066,0.067,333438
SDI,20190218,0.875,0.88,0.815,0.815,165537
SDG,20190218,1.53,1.53,1.53,1.53,4974
SDF,20190218,3.07,3.07,2.99,3,1176567
SDA,20190218,3.26,3.33,3.2,3.33,879964
SCU,20190218,0.02,0.02,0.02,0.02,49469
SCT,20190218,0.15,0.15,0.14,0.145,178391
SCP,20190218,2.5,2.52,2.48,2.51,3327653
SCI,20190218,0.011,0.011,0.011,0.011,159080
SCG,20190218,4.02,4.02,3.95,3.99,9758270
SBW,20190218,0.29,0.3,0.29,0.3,50725
SBR,20190218,0.005,0.005,0.005,0.005,36
SBM,20190218,5.15,5.19,5.09,5.13,2090323
SBB,20190218,0.012,0.015,0.012,0.014,1375000
SAR,20190218,3.22,3.34,3.2,3.22,4798475
S66,20190218,0.625,0.625,0.605,0.605,8497
S32,20190218,3.85,3.86,3.8,3.85,21038551
S3R,20190218,0.003,0.003,0.003,0.003,1200000
S2R,20190218,0.076,0.076,0.07,0.071,178168
RZI,20190218,0.5,0.505,0.5,0.5,92746
RYD,20190218,1.25,1.25,1.25,1.25,10000
RXP,20190218,0.52,0.52,0.515,0.515,64698
RXM,20190218,0.075,0.078,0.075,0.078,232547
RXL,20190218,0.008,0.008,0.008,0.008,371464
RXH,20190218,0.004,0.004,0.004,0.004,53369
RWC,20190218,5,5.01,4.915,4.94,2398790
RVS,20190218,1.72,1.72,1.715,1.715,57500
RVR,20190218,0.165,0.165,0.16,0.165,558197
RUL,20190218,0.6,0.6,0.57,0.57,64332
RTR,20190218,0.05,0.05,0.047,0.05,588807
RSM,20190218,20.85,20.9,20.85,20.9,517
RSH,20190218,0.086,0.087,0.086,0.087,80582
RSG,20190218,1.085,1.11,1.075,1.09,6162605
RRS,20190218,0.001,0.001,0.001,0.001,500000
RRL,20190218,5.47,5.57,5.46,5.54,2654275
ROO,20190218,0.092,0.095,0.092,0.095,296421
RNU,20190218,0.019,0.019,0.018,0.018,1109500
RNT,20190218,0.046,0.046,0.046,0.046,13722
RNO,20190218,0.17,0.17,0.16,0.16,73116
RNE,20190218,0.085,0.09,0.085,0.09,94211
RMY,20190218,0.2,0.2,0.19,0.19,23520
RMX,20190218,0.005,0.005,0.005,0.005,580578
RMS,20190218,0.605,0.62,0.6,0.62,6574304
RMP,20190218,0.079,0.079,0.076,0.076,2708423
RMI,20190218,0.008,0.008,0.008,0.008,1485
RMD,20190218,14.1,14.11,13.93,14.02,1280777
RMC,20190218,0.535,0.535,0.535,0.535,28044
RLE,20190218,0.098,0.1,0.097,0.1,718071
RKN,20190218,0.69,0.69,0.68,0.68,24511
RIO,20190218,92.21,93.5,92.12,92.6,1526067
RIM,20190218,0.006,0.006,0.006,0.006,2200000
RIC,20190218,1.37,1.41,1.37,1.41,60255
RHY,20190218,0.14,0.14,0.135,0.135,54404
RHT,20190218,0.074,0.078,0.073,0.074,1787709
RHP,20190218,1.6,1.74,1.59,1.7,4881051
RHL,20190218,3.06,3.15,3.03,3.09,114991
RHC,20190218,58.91,59.99,58.75,59.83,352067
RGS,20190218,0.125,0.13,0.12,0.13,103999
RGP,20190218,0.073,0.074,0.07,0.074,370143
RGI,20190218,0.275,0.295,0.275,0.29,296369
RGB,20190218,21.89,21.89,21.82,21.82,585
RFX,20190218,0.079,0.083,0.077,0.077,455036
RFT,20190218,0.033,0.033,0.033,0.033,135375
RFN,20190218,0.005,0.005,0.005,0.005,669888
RFG,20190218,0.29,0.295,0.29,0.29,560256
RFF,20190218,2.22,2.23,2.19,2.19,190583
REY,20190218,0.085,0.091,0.085,0.091,7239
REX,20190218,1.47,1.47,1.45,1.45,66120
RES,20190218,0.063,0.063,0.06,0.06,100000
REH,20190218,10.61,10.65,10.26,10.4,117760
REG,20190218,3.3,3.39,3.27,3.33,253986
REF,20190218,0.03,0.03,0.029,0.029,46520
RED,20190218,0.13,0.132,0.125,0.13,3004330
REA,20190218,78.1,78.9,77.34,78.68,240226
RDV,20190218,28.05,28.09,27.98,27.98,5132
RDM,20190218,0.105,0.115,0.105,0.115,50000
RDH,20190218,2.79,2.8,2.79,2.8,9360
RDF,20190218,0.61,0.62,0.61,0.62,93895
RDC,20190218,1.025,1.035,1.022,1.025,1586881
RCT,20190218,3.06,3.07,3.03,3.07,20000
RCE,20190218,0.155,0.155,0.145,0.15,375650
RCB,20190218,20.3,20.37,20.3,20.3,1061
RBR,20190218,0.016,0.017,0.016,0.017,2766674
RBL,20190218,1.015,1.015,0.99,1.005,1077586
RAP,20190218,0.095,0.095,0.092,0.092,301745
RAN,20190218,0.025,0.025,0.025,0.025,121504
RAC,20190218,0.086,0.086,0.083,0.084,153047
QVE,20190218,1.055,1.07,1.05,1.07,267399
QUB,20190218,2.82,2.84,2.81,2.83,2595056
QTM,20190218,0.037,0.037,0.037,0.037,25000
QTG,20190218,0.008,0.009,0.008,0.009,31517
QRI,20190218,1.705,1.705,1.68,1.68,197775
QRE,20190218,6.36,6.38,6.36,6.38,20683
QOZ,20190218,12.98,12.98,12.92,12.94,249396
QMS,20190218,0.695,0.7,0.69,0.695,232772
QIP,20190218,1.61,1.64,1.61,1.615,30995
QHL,20190218,0.068,0.068,0.067,0.068,284682
QGL,20190218,0.002,0.002,0.002,0.002,328349
QFY,20190218,0.007,0.007,0.007,0.007,181
QCB,20190218,8.3,8.3,8.3,8.3,120
QBE,20190218,11.3,11.38,11.28,11.32,4888301
QAU,20190218,13.5,13.54,13.45,13.52,23228
QAN,20190218,5.76,5.765,5.71,5.73,3884852
QAG,20190218,5.98,5.98,5.98,5.98,1254
PYC,20190218,0.028,0.028,0.027,0.027,890968
PXX,20190218,0.063,0.063,0.059,0.059,189081
PXS,20190218,0.255,0.265,0.255,0.26,129803
PWH,20190218,3.56,3.64,3.56,3.58,131022
PVS,20190218,1.55,1.55,1.55,1.55,200
PVL,20190218,0.058,0.058,0.05,0.05,123686
PVD,20190218,0.019,0.019,0.019,0.019,93334
PUR,20190218,0.037,0.037,0.035,0.036,1818835
PUA,20190218,0.04,0.04,0.037,0.037,130460
PTX,20190218,0.072,0.072,0.071,0.071,199569
PTR,20190218,0.038,0.038,0.038,0.038,30000
PTM,20190218,5,5.05,4.89,4.89,1015646
PTB,20190218,0.64,0.65,0.63,0.64,61822
PSQ,20190218,1.4,1.4,1.38,1.38,5807
PSI,20190218,2.64,2.65,2.61,2.63,31531
PSC,20190218,0.021,0.021,0.02,0.02,103098
PSA,20190218,0.11,0.11,0.097,0.11,324466
PRX,20190218,0.065,0.065,0.06,0.06,951797
PRU,20190218,0.405,0.435,0.405,0.43,5409789
PRT,20190218,0.24,0.245,0.24,0.245,21734
PRL,20190218,0.004,0.004,0.004,0.004,13813745
PPT,20190218,35.74,35.88,35.44,35.54,95431
PPS,20190218,0.64,0.645,0.632,0.645,928540
PPL,20190218,0.035,0.035,0.035,0.035,472940
PPK,20190218,0.77,0.8,0.745,0.75,126894
PPH,20190218,3.15,3.18,3.12,3.15,54827
PPG,20190218,0.195,0.195,0.185,0.185,736476
PPE,20190218,2.42,2.42,2.26,2.35,298752
PPC,20190218,1,1.025,0.99,1,5371
POW,20190218,0.014,0.014,0.013,0.013,1411291
POS,20190218,0.039,0.04,0.039,0.039,585609
POH,20190218,0.004,0.004,0.003,0.003,1477500
POD,20190218,0.061,0.063,0.056,0.056,110599
PO3,20190218,3.85,3.85,3.6,3.6,7662
PNX,20190218,0.006,0.006,0.006,0.006,333000
PNV,20190218,0.695,0.695,0.685,0.685,416053
PNR,20190218,0.235,0.24,0.235,0.235,397892
PNL,20190218,0.135,0.135,0.13,0.13,247878
PNI,20190218,4.7,4.95,4.66,4.9,296254
PNC,20190218,2.98,3.02,2.95,2.98,81074
PMY,20190218,0.005,0.005,0.005,0.005,120000
PMV,20190218,15.85,15.85,15.54,15.55,127555
PME,20190218,14.14,14.94,14.14,14.44,166039
PMC,20190218,1.72,1.72,1.665,1.68,168196
PM8,20190218,0.019,0.021,0.019,0.02,16462684
PM1,20190218,0.014,0.014,0.014,0.014,1111495
PLS,20190218,0.67,0.672,0.66,0.67,2578787
PLL,20190218,0.1,0.1,0.097,0.097,401431
PLG,20190218,1.16,1.162,1.16,1.16,2336704
PL8,20190218,1,1.015,0.995,0.995,445380
PKO,20190218,0.015,0.015,0.015,0.015,160022
PIQ,20190218,0.39,0.39,0.375,0.375,43909
PIO,20190218,0.016,0.017,0.016,0.016,462787
PIN,20190218,0.175,0.175,0.175,0.175,20000
PIL,20190218,0.016,0.016,0.013,0.014,1283892
PIC,20190218,1.08,1.085,1.075,1.075,263301
PIA,20190218,1.125,1.135,1.12,1.135,107680
PGX,20190218,0.44,0.445,0.435,0.435,94965
PGM,20190218,0.07,0.072,0.07,0.07,37291
PGI,20190218,0.029,0.03,0.028,0.03,187317
PGH,20190218,3.09,3.13,3.05,3.07,1251362
PGF,20190218,1.155,1.155,1.15,1.15,142525
PGC,20190218,0.48,0.485,0.47,0.48,20686089
PFP,20190218,2.97,2.97,2.91,2.91,20971
PEX,20190218,0.43,0.435,0.42,0.435,365099
PET,20190218,0.385,0.39,0.37,0.37,152065
PEN,20190218,0.2,0.2,0.2,0.2,67462
PEK,20190218,0.026,0.026,0.026,0.026,23565
PEA,20190218,0.64,0.64,0.625,0.625,180004
PDN,20190218,0.195,0.2,0.192,0.195,1000847
PDL,20190218,8.33,8.42,8.22,8.25,601848
PCL,20190218,0.002,0.002,0.002,0.002,132286631
PCK,20190218,0.051,0.056,0.046,0.046,6401333
PCH,20190218,0.002,0.002,0.002,0.002,1300001
PCG,20190218,2.3,2.3,2.29,2.3,26261
PBX,20190218,0.017,0.017,0.017,0.017,75757
PBT,20190218,0.04,0.042,0.04,0.04,151035
PBP,20190218,1.54,1.545,1.525,1.525,115337
PAR,20190218,1.15,1.16,1.13,1.14,152335
PAN,20190218,0.45,0.455,0.44,0.44,291003
PAK,20190218,0.035,0.035,0.035,0.035,2000
PAI,20190218,1.075,1.08,1.062,1.08,422035
PAF,20190218,1.08,1.08,1.08,1.08,28800
PAC,20190218,5.91,5.91,5.62,5.63,22274
PAB,20190218,0.024,0.024,0.023,0.023,1406295
PAA,20190218,0.042,0.042,0.036,0.039,3097676
P2P,20190218,0.435,0.435,0.435,0.435,1382
OZR,20190218,11.55,11.62,11.55,11.62,1462
OZL,20190218,10.25,10.41,10.15,10.19,1205723
OZF,20190218,18.52,18.52,18.52,18.52,13
OVT,20190218,0.18,0.18,0.165,0.17,311479
OVN,20190218,0.27,0.27,0.27,0.27,75139
OVL,20190218,0.003,0.003,0.003,0.003,95000
OVH,20190218,0.58,0.6,0.58,0.59,124126
OTW,20190218,5,5,4.93,4.94,42220
OSP,20190218,0.105,0.11,0.105,0.105,111156
OSL,20190218,0.165,0.17,0.165,0.17,258626
OSH,20190218,8.25,8.32,8.16,8.16,3969127
ORR,20190218,0.235,0.235,0.235,0.235,6558
ORI,20190218,18.4,18.4,18.15,18.21,572991
ORG,20190218,7.62,7.69,7.6,7.67,4809139
ORE,20190218,3.09,3.12,3.04,3.07,1206487
ORA,20190218,3.27,3.28,3.08,3.12,8972392
OPT,20190218,0.75,0.75,0.69,0.695,87283
OPN,20190218,0.034,0.034,0.034,0.034,662478
OPH,20190218,2.48,2.5,2.48,2.49,179018
OOO,20190218,15.76,15.76,15.63,15.7,54203
OOK,20190218,0.021,0.023,0.021,0.021,2106501
ONX,20190218,0.16,0.16,0.15,0.15,307386
ONE,20190218,0.485,0.485,0.485,0.485,100
OMN,20190218,0.675,0.7,0.675,0.7,171608
OML,20190218,3.98,4.04,3.925,3.98,1075737
OMH,20190218,1.4,1.4,1.385,1.39,42487
OLI,20190218,0.031,0.032,0.031,0.031,266905
OKU,20190218,0.245,0.245,0.24,0.245,158408
OGX,20190218,0.006,0.006,0.005,0.005,5305550
OGC,20190218,4.45,4.58,4.44,4.56,322425
OGA,20190218,0.15,0.15,0.15,0.15,54000
OFX,20190218,1.79,1.82,1.77,1.795,135970
OEX,20190218,0.005,0.005,0.005,0.005,108500
OEL,20190218,0.066,0.067,0.064,0.066,2597185
OEC,20190218,0.38,0.38,0.38,0.38,300
ODY,20190218,0.05,0.05,0.05,0.05,1082190
ODA,20190218,0.15,0.15,0.15,0.15,33709
OCL,20190218,2.53,2.53,2.52,2.52,1791
OCC,20190218,0.15,0.15,0.13,0.135,330262
OCA,20190218,1.05,1.05,1.05,1.05,50000
OBJ,20190218,0.018,0.018,0.017,0.018,408142
NZM,20190218,0.495,0.505,0.472,0.5,236529
NXT,20190218,6.98,7.15,6.95,7.14,1456299
NXE,20190218,0.029,0.031,0.029,0.03,412134
NWS,20190218,18.06,18.27,17.99,18.24,147790
NWL,20190218,7.2,7.505,6.94,7.49,426184
NWH,20190218,2.05,2.09,2.02,2.08,1840396
NWF,20190218,0.18,0.18,0.18,0.18,25000
NWE,20190218,0.003,0.003,0.003,0.003,66682
NWC,20190218,0.012,0.012,0.01,0.01,482428
NVX,20190218,0.38,0.39,0.38,0.39,38320
NVU,20190218,0.095,0.096,0.095,0.095,77845
NVT,20190218,5.66,5.67,5.63,5.64,278918
NVL,20190218,1.855,1.92,1.855,1.91,24671
NVA,20190218,0.019,0.019,0.018,0.018,300000
NUS,20190218,0.23,0.23,0.23,0.23,2944
NUH,20190218,0.078,0.08,0.078,0.078,749244
NUF,20190218,5.57,5.57,5.405,5.42,1324175
NTU,20190218,0.047,0.049,0.045,0.045,2865216
NTM,20190218,0.037,0.037,0.037,0.037,30555
NTD,20190218,0.47,0.495,0.47,0.47,526094
NTC,20190218,0.73,0.75,0.72,0.735,220352
NST,20190218,9.75,9.97,9.68,9.73,3141761
NSR,20190218,1.89,1.895,1.86,1.885,1189486
NSC,20190218,0.7,0.7,0.69,0.69,164038
NOX,20190218,0.4,0.43,0.4,0.42,54224
NOV,20190218,0.24,0.255,0.24,0.245,284529
NOR,20190218,0.004,0.004,0.003,0.003,19754063
NNW,20190218,0.115,0.115,0.115,0.115,34673
NMT,20190218,0.205,0.21,0.2,0.21,157078
NML,20190218,0.09,0.094,0.087,0.087,2084028
NKP,20190218,0.085,0.086,0.085,0.086,30000
NIC,20190218,0.395,0.42,0.385,0.41,2340666
NHL,20190218,0.025,0.025,0.025,0.025,1357341
NHF,20190218,5.88,5.93,5.64,5.68,1269080
NHC,20190218,4.24,4.285,4.15,4.16,1928782
NGI,20190218,3.48,3.48,3.26,3.26,507962
NGE,20190218,0.72,0.72,0.72,0.72,5383
NEW,20190218,1.42,1.42,1.405,1.405,37944
NEU,20190218,1.37,1.37,1.32,1.325,63198
NET,20190218,0.027,0.027,0.026,0.026,651868
NES,20190218,0.13,0.13,0.12,0.12,3401
NEC,20190218,1.51,1.512,1.49,1.5,10504951
NEA,20190218,2.43,2.43,2.37,2.38,906427
NDQ,20190218,17.16,17.16,17.08,17.11,73772
NCZ,20190218,0.84,0.85,0.825,0.835,1567431
NCM,20190218,25,25.25,25,25.07,1870670
NCK,20190218,5.9,5.95,5.78,5.79,125915
NCC,20190218,1.08,1.085,1.08,1.085,18475
NC6,20190218,0.081,0.081,0.08,0.08,28763
NBL,20190218,2.9,2.9,2.9,2.9,14702
NBI,20190218,2.07,2.07,2.05,2.05,322980
NAN,20190218,3.55,3.6,3.43,3.45,1639813
NAM,20190218,0.39,0.39,0.39,0.39,2046
NAG,20190218,0.065,0.067,0.065,0.067,72388
NAE,20190218,0.005,0.005,0.005,0.005,78383
NAC,20190218,0.89,0.895,0.875,0.895,338047
NAB,20190218,24.38,24.42,24.12,24.22,4675798
N27,20190218,0.052,0.052,0.05,0.051,240037
MZZ,20190218,0.195,0.2,0.19,0.19,220000
MZN,20190218,0.005,0.005,0.005,0.005,5489509
MZI,20190218,0.015,0.015,0.012,0.012,145000
MYX,20190218,0.84,0.85,0.82,0.825,4854242
MYS,20190218,4.68,4.68,4.6,4.68,98820
MYR,20190218,0.37,0.38,0.365,0.365,1582118
MYQ,20190218,0.39,0.395,0.37,0.385,93700
MYO,20190218,3.42,3.42,3.385,3.4,443742
MYL,20190218,0.077,0.081,0.077,0.079,6757632
MYE,20190218,0.86,0.925,0.85,0.92,65378
MXT,20190218,2.1,2.1,2.09,2.1,399828
MXR,20190218,0.074,0.075,0.074,0.075,16088
MXI,20190218,0.525,0.535,0.525,0.535,65622
MXC,20190218,0.04,0.042,0.04,0.04,1151757
MX1,20190218,0.23,0.23,0.23,0.23,125000
MWY,20190218,3.61,3.62,3.54,3.6,24217
MWR,20190218,3.25,3.33,3.25,3.33,24950
MVW,20190218,28.1,28.23,28.1,28.14,38502
MVS,20190218,19.72,19.72,19.65,19.65,5224
MVR,20190218,28.1,28.2,28.1,28.11,3305
MVP,20190218,3.7,3.86,3.7,3.79,33707
MVF,20190218,0.945,0.95,0.93,0.95,68453
MVE,20190218,26.46,26.47,26.37,26.37,1350
MVB,20190218,25.65,25.72,25.5,25.53,11353
MVA,20190218,23.13,23.22,22.96,23.17,6520
MTS,20190218,2.57,2.64,2.56,2.64,5867591
MTO,20190218,1.47,1.5,1.46,1.46,39405
MTM,20190218,0.242,0.242,0.242,0.242,2000
MTH,20190218,0.006,0.007,0.006,0.006,9131395
MTC,20190218,0.032,0.032,0.025,0.025,321183
MSV,20190218,0.048,0.05,0.047,0.049,1821483
MSB,20190218,1.175,1.18,1.16,1.165,212499
MRV,20190218,0.006,0.006,0.006,0.006,2955000
MRQ,20190218,0.005,0.005,0.005,0.005,2039076
MRP,20190218,0.065,0.065,0.064,0.065,30421
MRN,20190218,1.95,1.95,1.95,1.95,1000
MRM,20190218,0.16,0.17,0.16,0.165,202686
MRG,20190218,0.11,0.115,0.11,0.11,254710
MRC,20190218,0.17,0.17,0.17,0.17,16664
MQG,20190218,125.15,125.5,124.11,124.8,753300
MPW,20190218,0.09,0.093,0.087,0.087,1333128
MPR,20190218,0.05,0.05,0.045,0.045,86000
MPL,20190218,2.88,2.89,2.83,2.85,7814689
MP1,20190218,4.17,4.25,4.1,4.21,204348
MOY,20190218,0.2,0.205,0.195,0.195,1467153
MOH,20190218,0.135,0.145,0.13,0.14,1253322
MOE,20190218,4.75,4.88,4.71,4.71,30281
MOD,20190218,0.315,0.315,0.305,0.305,312043
MOC,20190218,0.78,0.785,0.755,0.76,161974
MNY,20190218,1.9,1.95,1.875,1.94,364024
MNW,20190218,0.025,0.025,0.025,0.025,60000
MNS,20190218,0.33,0.33,0.29,0.29,814859
MNF,20190218,4.59,4.6,4.45,4.45,14809
MND,20190218,16.53,16.97,16.53,16.68,454594
MNC,20190218,0.002,0.002,0.002,0.002,690200
MMS,20190218,15.75,15.93,15.23,15.23,414815
MMR,20190218,0.009,0.009,0.009,0.009,89000
MMM,20190218,0.5,0.5,0.49,0.49,146615
MML,20190218,0.375,0.38,0.37,0.38,97472
MMJ,20190218,0.255,0.255,0.25,0.255,204846
MMI,20190218,0.15,0.15,0.145,0.145,395003
MLX,20190218,0.37,0.375,0.365,0.37,3600617
MLT,20190218,4.4,4.4,4.39,4.4,83031
MLS,20190218,0.003,0.003,0.003,0.003,610000
MLD,20190218,1,1.03,0.975,1,393776
MIR,20190218,2.52,2.53,2.51,2.53,39651
MIN,20190218,17.6,17.85,17.48,17.64,1081292
MIL,20190218,0.26,0.26,0.25,0.25,54445
MHJ,20190218,0.56,0.562,0.55,0.55,78603
MHG,20190218,3.15,3.15,3.15,3.15,4499
MHC,20190218,0.003,0.003,0.003,0.003,1630592
MGX,20190218,0.69,0.71,0.69,0.69,803614
MGV,20190218,0.088,0.088,0.086,0.086,287060
MGT,20190218,0.004,0.004,0.004,0.004,1870000
MGR,20190218,2.56,2.6,2.55,2.59,6505715
MGP,20190218,0.125,0.125,0.125,0.125,140000
MGL,20190218,0.027,0.027,0.027,0.027,50000
MGG,20190218,1.635,1.645,1.615,1.63,1306206
MGE,20190218,3.42,3.42,3.39,3.39,356682
MGC,20190218,0.305,0.31,0.305,0.305,80980
MFG,20190218,32.79,33.44,32.72,32.92,742231
MFF,20190218,2.77,2.85,2.76,2.85,284490
MFD,20190218,1.02,1.025,1.02,1.02,134560
MEZ,20190218,3.63,3.63,3.59,3.63,24621
MEU,20190218,0.015,0.015,0.015,0.015,133436
MEP,20190218,0.04,0.04,0.04,0.04,35695
MEM,20190218,0.025,0.025,0.025,0.025,14075
MEC,20190218,0.94,0.94,0.94,0.94,17556
MEB,20190218,0.021,0.022,0.021,0.022,22196
MEA,20190218,0.265,0.265,0.265,0.265,21926
MDR,20190218,0.036,0.037,0.036,0.037,75502
MDI,20190218,0.004,0.004,0.004,0.004,2400000
MDC,20190218,0.4,0.4,0.39,0.39,34620
MCY,20190218,3.61,3.64,3.6,3.64,2035
MCT,20190218,0.012,0.012,0.012,0.012,200000
MCR,20190218,0.375,0.375,0.37,0.37,109049
MCP,20190218,1.245,1.265,1.24,1.26,176689
MCM,20190218,1.07,1.07,1.01,1.01,5968
MCE,20190218,0.36,0.36,0.35,0.35,189383
MCA,20190218,0.175,0.175,0.17,0.17,64865
MBM,20190218,0.1,0.1,0.1,0.1,272497
MBK,20190218,0.012,0.013,0.012,0.013,524488
MAY,20190218,0.017,0.017,0.016,0.016,853482
MAU,20190218,0.23,0.23,0.23,0.23,28010
MAQ,20190218,19.55,20,19.55,20,2629
MAM,20190218,0.45,0.45,0.43,0.43,145256
MAI,20190218,0.625,0.66,0.625,0.65,17114
MAH,20190218,0.24,0.245,0.24,0.245,2041559
MA1,20190218,0.805,0.805,0.79,0.79,78229
M7T,20190218,0.2,0.205,0.195,0.2,597195
LYL,20190218,4.99,5,4.91,5,8017
LYC,20190218,1.87,1.88,1.795,1.815,4918094
LVT,20190218,0.345,0.35,0.34,0.34,697859
LVH,20190218,0.57,0.57,0.56,0.56,90496
LVE,20190218,0.14,0.14,0.13,0.13,12381
LTR,20190218,0.022,0.022,0.022,0.022,342145
LSX,20190218,0.375,0.375,0.375,0.375,7985
LSR,20190218,0.009,0.01,0.009,0.01,374923
LSH,20190218,0.069,0.069,0.069,0.069,24969
LSF,20190218,1.46,1.49,1.455,1.48,526519
LRS,20190218,0.003,0.003,0.002,0.002,8107895
LPI,20190218,0.245,0.245,0.24,0.24,131515
LPE,20190218,0.59,0.59,0.54,0.55,72706
LPD,20190218,0.023,0.023,0.021,0.022,32347260
LOV,20190218,8.5,8.5,7.88,8,1126500
LON,20190218,0.28,0.28,0.26,0.265,302463
LOM,20190218,0.21,0.21,0.19,0.19,475315
LNY,20190218,0.006,0.006,0.005,0.006,4959309
LNU,20190218,0.036,0.036,0.03,0.033,3015935
LNK,20190218,7.03,7.07,6.86,6.92,3267975
LNG,20190218,0.495,0.52,0.48,0.48,1784896
LMW,20190218,0.41,0.41,0.375,0.38,250366
LMG,20190218,0.01,0.01,0.01,0.01,498005
LLC,20190218,13.75,13.8,13.53,13.67,2308572
LKO,20190218,0.001,0.001,0.001,0.001,2253902
LKE,20190218,0.053,0.057,0.053,0.057,578282
LIT,20190218,0.083,0.083,0.08,0.083,420912
LIC,20190218,5.17,5.22,5.1,5.2,22713
LI3,20190218,0.06,0.06,0.06,0.06,13000
LHM,20190218,0.013,0.013,0.013,0.013,92
LEX,20190218,0.19,0.19,0.19,0.19,80000
LER,20190218,0.058,0.058,0.056,0.056,34300
LEP,20190218,4.78,4.81,4.76,4.76,8832
LCT,20190218,0.04,0.043,0.04,0.042,855301
LCM,20190218,0.17,0.17,0.17,0.17,8949
LBT,20190218,0.073,0.073,0.073,0.073,15000
LBL,20190218,0.4,0.4,0.4,0.4,32774
LAW,20190218,0.06,0.06,0.054,0.054,703593
LAU,20190218,0.38,0.385,0.38,0.385,20380
LAA,20190218,0.14,0.14,0.135,0.135,333897
KZA,20190218,0.46,0.46,0.46,0.46,8256
KYK,20190218,0.05,0.055,0.05,0.055,18000
KWR,20190218,0.165,0.17,0.165,0.17,5000
KTD,20190218,0.4,0.41,0.395,0.4,165824
KTA,20190218,0.025,0.025,0.025,0.025,257000
KSS,20190218,0.115,0.115,0.11,0.11,209000
KSN,20190218,0.019,0.019,0.017,0.018,848488
KSL,20190218,1.05,1.1,1.05,1.05,114325
KSC,20190218,1.48,1.48,1.455,1.455,4278
KRR,20190218,0.037,0.038,0.037,0.038,792818
KRM,20190218,0.055,0.055,0.054,0.054,85027
KPT,20190218,2.07,2.07,2,2,47085
KPO,20190218,0.014,0.014,0.014,0.014,429879
KP2,20190218,0.059,0.059,0.059,0.059,20000
KOV,20190218,2.81,2.81,2.79,2.79,31562
KOR,20190218,0.027,0.027,0.027,0.027,9600
KNM,20190218,0.023,0.023,0.023,0.023,58328
KNL,20190218,0.115,0.115,0.11,0.11,40660
KMT,20190218,0.013,0.013,0.013,0.013,191544
KME,20190218,0.82,0.82,0.81,0.81,6890
KMD,20190218,2.22,2.34,2.22,2.34,74912
KLL,20190218,0.34,0.365,0.34,0.35,713243
KLH,20190218,0.003,0.003,0.003,0.003,400000
KLA,20190218,48.5,48.99,47.8,47.9,2948
KKT,20190218,0.24,0.25,0.24,0.25,14476
KIS,20190218,0.079,0.079,0.079,0.079,5910
KIN,20190218,0.072,0.072,0.07,0.07,59097
KII,20190218,2.44,2.44,2.44,2.44,3900
KGN,20190218,4.3,4.41,4.24,4.26,408933
KGL,20190218,0.305,0.305,0.305,0.305,3229
KFE,20190218,0.089,0.091,0.087,0.091,671600
KEY,20190218,0.006,0.006,0.006,0.006,300000
KDR,20190218,1.35,1.387,1.335,1.35,1178453
KCN,20190218,0.165,0.165,0.16,0.165,107573
KAR,20190218,1.03,1.045,1.02,1.045,722281
KAI,20190218,0.021,0.021,0.019,0.019,541465
K2F,20190218,0.145,0.145,0.145,0.145,3455
JYC,20190218,1.435,1.44,1.435,1.44,10468
JRV,20190218,0.23,0.255,0.23,0.255,225729
JPR,20190218,0.039,0.039,0.039,0.039,2120
JMS,20190218,0.315,0.315,0.305,0.31,4385758
JLG,20190218,1.265,1.3,1.25,1.3,219803
JIN,20190218,9.97,10.03,9.86,9.91,299302
JHX,20190218,17.69,17.81,17.59,17.72,1842349
JHG,20190218,33.44,33.44,33.01,33.36,280308
JHC,20190218,1.3,1.415,1.3,1.41,654003
JCS,20190218,0.027,0.029,0.027,0.029,783588
JBH,20190218,23.61,24.02,23.26,23.5,1040536
JAY,20190218,0.37,0.37,0.37,0.37,3000
JAT,20190218,0.065,0.065,0.062,0.063,6388861
JAN,20190218,0.345,0.345,0.33,0.33,8601
IZZ,20190218,59.8,60.32,59.5,59.95,3262
IXJ,20190218,85.2,86.18,85.11,85.3,2048
IXI,20190218,69.07,69.43,69.07,69.4,1504
IVZ,20190218,0.042,0.042,0.04,0.04,1884029
IVX,20190218,0.017,0.017,0.017,0.017,1702861
IVV,20190218,390.86,391.8,390.31,390.88,32800
IVR,20190218,0.01,0.011,0.01,0.011,3666447
IVO,20190218,0.004,0.004,0.003,0.004,612000
IVE,20190218,89.34,89.64,88.95,89,4503
IVC,20190218,12.97,12.97,12.54,12.59,603496
ISX,20190218,0.2,0.205,0.195,0.195,1972579
ISU,20190218,0.8,0.805,0.755,0.79,152377
ISO,20190218,4.95,4.95,4.92,4.93,11413
ISD,20190218,0.305,0.31,0.305,0.305,798363
IRI,20190218,2.56,2.56,2.4,2.42,383895
IRE,20190218,12.6,12.72,12.54,12.63,224673
IRD,20190218,0.065,0.068,0.065,0.067,62730
IRC,20190218,0.13,0.135,0.13,0.135,292029
IPT,20190218,0.008,0.008,0.008,0.008,393800
IPL,20190218,3.29,3.31,3.26,3.26,11044343
IPH,20190218,5.76,5.87,5.7,5.81,583320
IPD,20190218,0.24,0.25,0.235,0.24,243638
IPB,20190218,0.023,0.023,0.023,0.023,47235
IP1,20190218,0.031,0.033,0.031,0.031,166000
IOZ,20190218,25.11,25.11,25.01,25.02,46087
IOT,20190218,0.001,0.001,0.001,0.001,70000
IOO,20190218,64.31,64.53,64.04,64.29,14433
IOD,20190218,0.022,0.022,0.022,0.022,100000
INV,20190218,0.125,0.125,0.125,0.125,37100
INR,20190218,0.145,0.15,0.145,0.145,629128
INP,20190218,0.091,0.1,0.085,0.086,9828009
ING,20190218,4.46,4.52,4.45,4.49,2066045
INF,20190218,0.076,0.076,0.076,0.076,15000
INA,20190218,3.12,3.16,3.08,3.12,75094
IMU,20190218,0.017,0.018,0.017,0.017,14242296
IMS,20190218,0.014,0.014,0.013,0.013,257130
IMM,20190218,0.032,0.033,0.031,0.032,5535264
IMF,20190218,3.3,3.33,3.21,3.27,260334
IME,20190218,0.025,0.025,0.024,0.024,980694
IMD,20190218,1.245,1.29,1.175,1.18,992752
IMC,20190218,0.275,0.275,0.27,0.27,65269
IMA,20190218,0.18,0.18,0.17,0.175,1750043
ILU,20190218,9.4,9.47,9.33,9.4,1296405
ILC,20190218,23.97,23.98,23.91,23.91,11112
ILB,20190218,120.63,120.63,119.88,119.88,792
IKW,20190218,0.001,0.001,0.001,0.001,125000
IKO,20190218,89.42,90.37,89.42,90.19,933
IJR,20190218,112.32,113,111.45,112.01,1781
IJP,20190218,76.5,76.68,76,76.24,3356
IJH,20190218,268.24,268.74,267.6,268.11,1630
IHR,20190218,0.11,0.11,0.11,0.11,70000
IHL,20190218,0.019,0.019,0.018,0.018,1226738
IHD,20190218,13.37,13.37,13.36,13.36,1243
IGO,20190218,4.79,4.89,4.78,4.8,2502251
IGL,20190218,2.27,2.28,2.25,2.28,126825
IGE,20190218,0.255,0.275,0.24,0.25,138196
IGB,20190218,106.98,106.99,106.69,106.96,891
IFT,20190218,3.82,3.82,3.8,3.8,131
IFN,20190218,0.51,0.515,0.505,0.515,853086
IFM,20190218,1.41,1.44,1.4,1.425,389010
IFL,20190218,5.21,5.32,5.11,5.3,1347556
IEU,20190218,59.24,59.4,59.08,59.2,12861
IEM,20190218,59,59.42,58.85,58.96,10484
IEL,20190218,15,15.03,14.66,14.74,1081467
IEC,20190218,0.014,0.014,0.014,0.014,500000
IDX,20190218,2.85,2.92,2.85,2.85,23284
IDT,20190218,0.155,0.165,0.15,0.165,222690
IDR,20190218,2.9,2.97,2.86,2.94,54013
IDA,20190218,0.052,0.052,0.052,0.052,11944
ID8,20190218,0.61,0.65,0.61,0.65,2998
ICT,20190218,0.058,0.058,0.05,0.05,5130970
ICQ,20190218,0.115,0.12,0.115,0.115,817515
ICN,20190218,0.018,0.018,0.018,0.018,706400
ICG,20190218,0.005,0.005,0.004,0.004,1129822
IBX,20190218,0.029,0.029,0.029,0.029,10000
IBG,20190218,0.029,0.029,0.028,0.028,838817
IBC,20190218,0.49,0.49,0.49,0.49,2940
IAU,20190218,0.37,0.38,0.36,0.36,1756
IAG,20190218,7.51,7.52,7.42,7.43,3349168
IAF,20190218,109.37,109.49,109.37,109.45,14109
IAB,20190218,0.1,0.1,0.1,0.1,965
IAA,20190218,84.04,84.76,83.67,84.17,9684
HZR,20190218,0.23,0.245,0.23,0.235,92253
HZN,20190218,0.115,0.115,0.11,0.11,840998
HYD,20190218,0.024,0.025,0.024,0.025,83821
HWK,20190218,0.017,0.017,0.017,0.017,303462
HVN,20190218,3.57,3.58,3.54,3.54,1155488
HUO,20190218,4.98,5.03,4.93,4.98,31885
HUB,20190218,12.97,12.97,12.61,12.87,88187
HTA,20190218,0.12,0.12,0.12,0.12,54860
HT1,20190218,1.885,1.89,1.82,1.88,426997
HSO,20190218,2.47,2.47,2.46,2.47,12736225
HSN,20190218,3.41,3.45,3.31,3.31,199461
HSC,20190218,0.03,0.03,0.03,0.03,48750
HRR,20190218,0.56,0.6,0.56,0.59,329955
HRL,20190218,0.095,0.095,0.093,0.095,274827
HPR,20190218,0.062,0.062,0.061,0.061,85000
HPI,20190218,3.13,3.13,3.11,3.13,61168
HOT,20190218,0.2,0.2,0.2,0.2,10000
HOR,20190218,0.007,0.007,0.007,0.007,200000
HMD,20190218,0.22,0.22,0.22,0.22,36000
HM1,20190218,2.73,2.74,2.73,2.74,308706
HLX,20190218,0.023,0.023,0.023,0.023,450000
HLS,20190218,2.89,2.94,2.87,2.92,1230463
HLO,20190218,6.18,6.19,5.6,5.76,48404
HLA,20190218,1.025,1.025,1.02,1.02,30000
HIT,20190218,1.05,1.05,1.05,1.05,5070
HIP,20190218,0.013,0.014,0.013,0.014,323002
HIL,20190218,0.185,0.19,0.185,0.19,124486
HIG,20190218,0.1,0.105,0.1,0.105,138819
HHY,20190218,0.052,0.052,0.052,0.052,6310
HGO,20190218,0.084,0.084,0.076,0.076,5053966
HFR,20190218,0.63,0.63,0.625,0.63,284004
HE8,20190218,0.125,0.13,0.125,0.13,310099
HCT,20190218,0.06,0.06,0.06,0.06,28725
HCO,20190218,0.001,0.001,0.001,0.001,6929236
HCH,20190218,0.015,0.015,0.015,0.015,3076695
HAW,20190218,0.074,0.074,0.073,0.073,38500
HAV,20190218,0.17,0.17,0.165,0.165,97884
HAS,20190218,0.155,0.16,0.155,0.16,30000
GZL,20190218,4.35,4.35,4.35,4.35,954
GXY,20190218,2.04,2.08,2,2.01,2468067
GWR,20190218,0.105,0.105,0.1,0.1,89639
GWA,20190218,3.34,3.455,3.335,3.34,1274498
GVF,20190218,1.05,1.055,1.04,1.04,114209
GUD,20190218,11.95,11.97,11.69,11.8,347317
GTN,20190218,0.91,0.91,0.905,0.905,2176
GTK,20190218,4.95,5.01,4.9,4.97,11087
GTG,20190218,0.008,0.008,0.007,0.008,4804167
GSS,20190218,0.935,0.95,0.935,0.94,35737
GSM,20190218,0.13,0.13,0.13,0.13,7302
GRR,20190218,0.27,0.275,0.255,0.26,4821105
GRB,20190218,0.11,0.11,0.105,0.11,940721
GPX,20190218,0.27,0.27,0.24,0.25,157032
GPT,20190218,5.9,5.96,5.875,5.94,4837524
GPR,20190218,0.014,0.014,0.014,0.014,950000
GOZ,20190218,4.03,4.06,3.98,4.04,513205
GOW,20190218,2.63,2.65,2.63,2.65,45245
GOR,20190218,0.805,0.83,0.8,0.82,1710910
GO2,20190218,0.099,0.099,0.099,0.099,13020
GNX,20190218,0.27,0.27,0.26,0.27,76607
GNG,20190218,1.16,1.16,1.16,1.16,31473
GNE,20190218,2.62,2.64,2.62,2.62,29025
GNC,20190218,9.51,9.63,9.4,9.56,1630571
GMY,20190218,0.69,0.705,0.69,0.705,7329
GMV,20190218,0.295,0.31,0.295,0.3,177910
GMR,20190218,0.016,0.017,0.016,0.017,2224992
GMN,20190218,0.069,0.075,0.064,0.075,948739
GML,20190218,0.016,0.016,0.015,0.015,2147704
GMG,20190218,13,13.02,12.71,12.91,6629864
GMD,20190218,0.033,0.034,0.033,0.034,11392639
GMA,20190218,2.38,2.43,2.38,2.41,680082
GLN,20190218,0.35,0.355,0.345,0.345,179904
GLL,20190218,0.405,0.405,0.39,0.39,60692
GLH,20190218,0.165,0.17,0.165,0.17,33173
GLB,20190218,2.29,2.29,2.29,2.29,1800
GIB,20190218,0.059,0.06,0.059,0.06,103650
GGG,20190218,0.062,0.062,0.057,0.06,4305495
GFL,20190218,2,2,1.94,1.94,1859
GEV,20190218,0.165,0.17,0.16,0.16,200197
GEM,20190218,3.54,3.58,3.5,3.56,2362933
GDX,20190218,31.39,31.53,31.35,31.49,11121
GDI,20190218,1.43,1.43,1.367,1.4,851974
GDG,20190218,0.7,0.7,0.65,0.65,99399
GDF,20190218,1.36,1.365,1.36,1.36,13889
GCY,20190218,0.093,0.099,0.092,0.096,2097813
GCI,20190218,2.05,2.05,2.05,2.05,28715
GC1,20190218,0.85,0.85,0.85,0.85,6064
GBZ,20190218,0.004,0.004,0.004,0.004,166667
GBT,20190218,1.685,1.745,1.64,1.675,47304
GBR,20190218,0.14,0.15,0.14,0.15,72049
GBG,20190218,0.014,0.014,0.014,0.014,156083
GAS,20190218,0.93,0.97,0.9,0.97,43092
GAP,20190218,0.335,0.335,0.335,0.335,26517
GAL,20190218,0.18,0.22,0.18,0.21,507527
G88,20190218,0.087,0.09,0.085,0.09,210810
G1A,20190218,0.355,0.355,0.345,0.35,41517
FZO,20190218,0.22,0.22,0.2,0.2,171599
FYI,20190218,0.062,0.062,0.062,0.062,174227
FXL,20190218,1.11,1.115,1.085,1.1,418883
FWD,20190218,1.75,1.75,1.68,1.71,57913
FUN,20190218,0.052,0.052,0.051,0.051,170000
FTT,20190218,0.003,0.003,0.003,0.003,330000
FTC,20190218,0.036,0.036,0.036,0.036,88821
FSG,20190218,0.023,0.023,0.023,0.023,60359
FSF,20190218,4.42,4.42,4.4,4.4,10828
FSA,20190218,1.15,1.15,1.15,1.15,7500
FRX,20190218,0.046,0.047,0.046,0.047,93757
FRN,20190218,0.015,0.015,0.015,0.015,4550
FRM,20190218,0.765,0.765,0.76,0.76,13170
FRI,20190218,0.83,0.83,0.83,0.83,39854
FPP,20190218,0.94,0.95,0.94,0.945,8615
FPL,20190218,0.007,0.007,0.007,0.007,592600
FPH,20190218,13.01,13.07,12.72,12.75,313045
FPC,20190218,0.84,0.84,0.835,0.84,63000
FOR,20190218,1.38,1.4,1.365,1.37,56250
FOD,20190218,0.13,0.13,0.12,0.12,905103
FNP,20190218,5.18,5.2,5.06,5.17,191848
FMS,20190218,0.046,0.048,0.046,0.047,357400
FML,20190218,0.295,0.295,0.29,0.295,29342
FMG,20190218,6.35,6.445,6.33,6.37,12243596
FLT,20190218,43.29,43.65,42.51,42.55,282774
FLN,20190218,0.705,0.705,0.635,0.64,67948
FLC,20190218,0.33,0.34,0.33,0.335,119060
FIJ,20190218,0.09,0.091,0.09,0.091,63518
FID,20190218,5.1,5.18,5.01,5.18,18881
FHS,20190218,0.014,0.015,0.013,0.015,2858288
FGX,20190218,1.19,1.19,1.185,1.19,309402
FGR,20190218,0.14,0.14,0.135,0.14,1016490
FGO,20190218,0.015,0.015,0.014,0.014,224279
FGG,20190218,1.375,1.375,1.36,1.37,68363
FGF,20190218,0.008,0.008,0.008,0.008,725232
FFG,20190218,0.013,0.013,0.013,0.013,297892
FEX,20190218,0.058,0.067,0.058,0.065,27197554
FEL,20190218,0.02,0.02,0.019,0.02,77631
FEI,20190218,0.095,0.095,0.095,0.095,5273
FE8,20190218,0.016,0.016,0.013,0.013,152950
FDV,20190218,0.5,0.505,0.49,0.5,71980
FDM,20190218,0.115,0.115,0.11,0.11,482704
FCT,20190218,0.255,0.255,0.25,0.255,49936
FCC,20190218,0.19,0.19,0.19,0.19,200000
FBU,20190218,5.08,5.13,5.02,5.03,392311
FBR,20190218,0.13,0.135,0.125,0.13,1964603
FAU,20190218,0.016,0.017,0.015,0.015,1194872
FAR,20190218,0.058,0.06,0.058,0.058,3806533
EZL,20190218,1.18,1.18,1.175,1.18,36248
EXU,20190218,0.165,0.175,0.165,0.175,522886
EXP,20190218,0.24,0.247,0.23,0.245,238315
EXO,20190218,0.003,0.003,0.003,0.003,700000
EXL,20190218,3.56,3.69,3.53,3.65,641937
EX1,20190218,0.55,0.55,0.52,0.52,35405
EWC,20190218,0.11,0.115,0.11,0.11,1018712
EVZ,20190218,0.27,0.27,0.265,0.27,15680
EVT,20190218,13.4,13.4,13.15,13.25,10343
EVS,20190218,0.092,0.096,0.092,0.094,2392117
EVO,20190218,0.22,0.22,0.22,0.22,110000
EVN,20190218,3.79,3.83,3.77,3.79,5094470
EVE,20190218,0.005,0.005,0.005,0.005,1087560
EUR,20190218,0.093,0.094,0.092,0.092,740939
EUC,20190218,0.025,0.025,0.025,0.025,214538
ETE,20190218,0.012,0.012,0.012,0.012,969397
ESV,20190218,0.145,0.145,0.145,0.145,3001
ESR,20190218,0.016,0.016,0.016,0.016,2500
ESH,20190218,0.016,0.017,0.016,0.017,1760132
ESE,20190218,0.025,0.025,0.023,0.023,3468629
ERX,20190218,0.077,0.082,0.077,0.082,2032424
ERM,20190218,0.068,0.068,0.068,0.068,20000
ERL,20190218,0.01,0.01,0.01,0.01,23000
ERF,20190218,1.22,1.23,1.22,1.23,39137
ERA,20190218,0.33,0.335,0.315,0.33,170524
EQT,20190218,23.87,23.9,23.6,23.6,5312
EQE,20190218,0.014,0.016,0.014,0.016,265548
EPW,20190218,1.62,1.62,1.57,1.57,127378
EPM,20190218,0.002,0.003,0.002,0.003,1676666
EPD,20190218,0.47,0.47,0.43,0.45,134484
EOS,20190218,2.74,2.75,2.66,2.75,118944
ENT,20190218,0.007,0.007,0.007,0.007,14416
ENR,20190218,0.059,0.059,0.059,0.059,32634
ENN,20190218,1.65,1.65,1.63,1.63,31986
ENA,20190218,0.032,0.032,0.032,0.032,216787
EN1,20190218,0.023,0.023,0.022,0.023,2559869
EMV,20190218,0.455,0.475,0.45,0.465,88595
EMU,20190218,0.048,0.048,0.048,0.048,29000
EMR,20190218,0.041,0.042,0.04,0.041,1818832
EMP,20190218,0.003,0.003,0.003,0.003,108180
EMN,20190218,0.295,0.295,0.275,0.275,62046
EML,20190218,1.58,1.58,1.56,1.57,81699
EMB,20190218,12.8,12.8,12.8,12.8,403
EM2,20190218,0.145,0.145,0.14,0.14,81747
EM1,20190218,0.01,0.01,0.009,0.009,11910207
ELX,20190218,0.605,0.615,0.595,0.605,145095
ELT,20190218,0.005,0.005,0.005,0.005,200000
ELS,20190218,0.475,0.535,0.475,0.535,108652
ELO,20190218,4.75,4.75,4.66,4.74,405283
ELK,20190218,0.019,0.02,0.019,0.019,1539067
ELD,20190218,5.92,6.03,5.84,5.99,369607
EHX,20190218,0.026,0.026,0.026,0.026,15950
EHL,20190218,2.8,2.85,2.73,2.81,452253
EHH,20190218,0.25,0.25,0.25,0.25,2500
EHE,20190218,2.45,2.54,2.45,2.49,1170231
EGL,20190218,0.055,0.055,0.055,0.055,13750
EGI,20190218,0.96,0.97,0.95,0.97,66575
EGG,20190218,1.45,1.45,1.405,1.42,40678
EGF,20190218,1.56,1.56,1.55,1.55,32154
EGD,20190218,1.93,1.94,1.93,1.94,52403
EGA,20190218,0.25,0.26,0.25,0.255,102196
EFF,20190218,1.57,1.57,1.57,1.57,125000
EFE,20190218,0.004,0.005,0.004,0.005,161869
EEG,20190218,0.019,0.019,0.019,0.019,2209103
EDE,20190218,0.055,0.055,0.054,0.054,730826
ED1,20190218,1.72,1.745,1.72,1.745,10774
ECX,20190218,2.35,2.35,2.23,2.24,2295724
ECT,20190218,0.011,0.011,0.01,0.01,3040353
ECG,20190218,0.12,0.12,0.12,0.12,1365
EBO,20190218,21.01,21.01,21.01,21.01,26
EAX,20190218,0.33,0.33,0.33,0.33,4000
EAR,20190218,0.255,0.265,0.23,0.23,11574747
EAI,20190218,1.005,1.01,1,1.01,80705
E2M,20190218,0.145,0.145,0.14,0.14,95342
E2E,20190218,0.006,0.006,0.006,0.006,1342419
DYL,20190218,0.505,0.51,0.49,0.505,104140
DXS,20190218,12.15,12.24,12.04,12.2,2457585
DXB,20190218,0.085,0.085,0.085,0.085,9729
DWS,20190218,1.165,1.18,1.165,1.17,41310
DVN,20190218,0.22,0.22,0.22,0.22,4000
DVL,20190218,0.044,0.044,0.044,0.044,28074
DUI,20190218,4.19,4.2,4.17,4.17,30191
DUB,20190218,0.54,0.545,0.53,0.54,1030505
DTZ,20190218,0.074,0.081,0.071,0.081,98659
DTS,20190218,0.17,0.175,0.17,0.17,251620
DTM,20190218,0.005,0.005,0.005,0.005,100000
DTL,20190218,1.69,1.69,1.63,1.65,11509
DSE,20190218,0.031,0.032,0.03,0.032,539380
DRX,20190218,0.015,0.015,0.015,0.015,18000
DRO,20190218,0.135,0.135,0.125,0.13,412545
DRM,20190218,0.405,0.417,0.4,0.415,2215954
DOW,20190218,7.44,7.44,7.29,7.33,1218937
DOR,20190218,0.09,0.09,0.09,0.09,1830
DNK,20190218,0.735,0.75,0.725,0.73,15756
DNA,20190218,0.077,0.077,0.075,0.075,1274719
DMP,20190218,45.96,46.53,45.56,46.05,266404
DMG,20190218,0.018,0.018,0.01,0.018,17264
DLX,20190218,7.1,7.2,7.07,7.19,989007
DLC,20190218,0.006,0.006,0.006,0.006,4488
DKM,20190218,0.105,0.105,0.105,0.105,41794
DJW,20190218,3.17,3.24,3.17,3.2,228902
DIV,20190218,19.48,19.48,19.42,19.42,1780
DHR,20190218,0.004,0.004,0.004,0.004,70000
DHG,20190218,2.51,2.58,2.41,2.53,1904049
DGR,20190218,0.12,0.12,0.12,0.12,86266
DFM,20190218,0.97,0.98,0.96,0.98,5013
DEM,20190218,0.15,0.16,0.15,0.16,54817
DEG,20190218,0.11,0.11,0.105,0.105,477770
DDR,20190218,3.08,3.08,3.04,3.06,90917
DDD,20190218,0.003,0.003,0.003,0.003,4000000
DCN,20190218,2.74,2.79,2.72,2.73,503486
DCL,20190218,0.135,0.135,0.13,0.135,68135
DCG,20190218,0.78,0.79,0.775,0.785,105935
DCC,20190218,0.049,0.052,0.048,0.051,2063354
D2O,20190218,1.45,1.46,1.43,1.455,133550
CZN,20190218,0.005,0.005,0.005,0.005,764600
CZL,20190218,0.02,0.02,0.02,0.02,123000
CZI,20190218,0.086,0.09,0.086,0.09,1623663
CYQ,20190218,0.004,0.004,0.004,0.004,475722
CYP,20190218,1.6,1.64,1.58,1.58,108737
CYL,20190218,1.63,1.65,1.6,1.63,121442
CYG,20190218,0.785,0.81,0.785,0.81,5488
CYC,20190218,1.05,1.05,1.05,1.05,49
CYB,20190218,3.4,3.44,3.35,3.38,2533918
CYA,20190218,0.935,0.935,0.935,0.935,19500
CY5,20190218,0.06,0.06,0.06,0.06,39939
CXZ,20190218,0.01,0.01,0.01,0.01,105309
CXO,20190218,0.057,0.057,0.055,0.055,899443
CWY,20190218,2.15,2.16,2.12,2.13,7690036
CWX,20190218,0.135,0.135,0.135,0.135,58059
CWP,20190218,4.96,5,4.93,4.93,64473
CWN,20190218,12.23,12.23,12.02,12.11,982910
CWL,20190218,0.055,0.064,0.055,0.064,16207
CVW,20190218,0.855,0.87,0.855,0.87,5000
CVV,20190218,0.065,0.065,0.061,0.061,133681
CVN,20190218,0.375,0.375,0.36,0.37,2610125
CVL,20190218,0.47,0.47,0.47,0.47,20000
CVF,20190218,1.015,1.015,1.01,1.01,35064
CVC,20190218,2.6,2.6,2.6,2.6,1000
CUV,20190218,23.12,24.6,23.12,23.8,178523
CUL,20190218,0.015,0.015,0.013,0.013,1399252
CUE,20190218,0.065,0.067,0.064,0.065,289364
CTX,20190218,28.47,28.57,28.13,28.23,456560
CTP,20190218,0.14,0.14,0.135,0.14,132671
CTO,20190218,0.006,0.006,0.006,0.006,162000
CTM,20190218,0.006,0.006,0.006,0.006,100000
CTD,20190218,24.68,25.1,24.2,25.05,479429
CSV,20190218,0.155,0.16,0.155,0.16,53164
CSS,20190218,1.095,1.13,1.082,1.085,42312
CSR,20190218,3.23,3.31,3.23,3.26,2947752
CSL,20190218,187.78,188.2,186.05,187.04,718124
CRS,20190218,0.17,0.18,0.17,0.18,25650
CRR,20190218,2.91,2.94,2.9,2.94,90590
CRO,20190218,0.011,0.011,0.011,0.011,284210
CRN,20190218,3.35,3.41,3.32,3.39,978002
CRL,20190218,0.039,0.039,0.039,0.039,110095
CRD,20190218,0.695,0.7,0.685,0.7,167795
CRB,20190218,0.024,0.024,0.024,0.024,454037
CQR,20190218,4.6,4.64,4.55,4.61,996832
CQE,20190218,3.36,3.36,3.29,3.33,171044
CPV,20190218,0.32,0.32,0.3,0.3,316743
CPU,20190218,18.24,18.24,17.89,18.08,3625047
CPH,20190218,0.4,0.415,0.385,0.39,1110768
CP1,20190218,0.12,0.12,0.12,0.12,12700
COO,20190218,0.026,0.026,0.026,0.026,39699
COL,20190218,12.6,12.65,12.5,12.59,1600572
COI,20190218,0.355,0.355,0.34,0.35,285307
COH,20190218,199.01,199.46,193.61,194.41,143747
COG,20190218,0.1,0.1,0.1,0.1,41666
COE,20190218,0.495,0.51,0.485,0.505,3386798
COB,20190218,0.16,0.17,0.145,0.145,728355
CNW,20190218,0.027,0.028,0.027,0.028,878732
CNU,20190218,5.05,5.06,5,5.06,195051
CNJ,20190218,0.019,0.019,0.019,0.019,30000
CNI,20190218,1.41,1.44,1.335,1.34,791211
CMW,20190218,1.09,1.09,1.08,1.09,2183913
CMP,20190218,0.35,0.35,0.34,0.34,67173
CMM,20190218,0.069,0.069,0.066,0.066,692316
CML,20190218,0.018,0.018,0.018,0.018,236174
CMA,20190218,2.48,2.49,2.46,2.46,248092
CM8,20190218,0.03,0.031,0.03,0.031,46032
CLZ,20190218,0.002,0.002,0.001,0.001,4745000
CLX,20190218,0.88,0.88,0.875,0.875,5092
CLW,20190218,4.55,4.55,4.5,4.54,405284
CLV,20190218,1.6,1.6,1.585,1.6,69945
CLQ,20190218,0.34,0.35,0.31,0.315,1846114
CLI,20190218,0.012,0.012,0.012,0.012,536367
CLH,20190218,1.4,1.44,1.392,1.41,159618
CLF,20190218,1.26,1.26,1.26,1.26,10149
CLA,20190218,0.052,0.053,0.051,0.053,1470386
CL8,20190218,0.012,0.012,0.012,0.012,170976
CL1,20190218,1.49,1.5,1.49,1.49,108805
CKF,20190218,6.33,6.44,6.3,6.4,168055
CKA,20190218,0.072,0.075,0.072,0.073,3801108
CIW,20190218,0.455,0.455,0.455,0.455,1785
CIP,20190218,2.86,2.91,2.84,2.85,110879
CIO,20190218,0.003,0.003,0.003,0.003,1645780
CIN,20190218,31.64,31.65,31.6,31.6,2650
CIM,20190218,50,50.07,49.3,49.35,230758
CIE,20190218,0.79,0.79,0.76,0.76,50965
CIA,20190218,1.54,1.54,1.52,1.53,22233
CI1,20190218,0.016,0.017,0.016,0.016,200000
CHR,20190218,4.13,4.13,4.12,4.12,769
CHN,20190218,0.13,0.135,0.13,0.135,710780
CHK,20190218,0.013,0.013,0.012,0.012,1090831
CHC,20190218,8.6,8.69,8.57,8.67,1174261
CGS,20190218,0.45,0.47,0.45,0.45,51437
CGR,20190218,0.535,0.55,0.53,0.545,449917
CGN,20190218,0.011,0.011,0.011,0.011,1
CGL,20190218,8.58,8.72,8.535,8.6,45228
CGF,20190218,7.48,7.51,7.34,7.36,1834498
CGC,20190218,5.06,5.17,5.03,5.11,1444257
CGA,20190218,0.35,0.35,0.35,0.35,22484
CG1,20190218,0.37,0.37,0.36,0.36,105000
CEN,20190218,6.17,6.17,5.96,5.96,1933
CE1,20190218,0.051,0.051,0.048,0.049,1879917
CDY,20190218,0.215,0.215,0.21,0.21,16631
CDX,20190218,0.056,0.061,0.056,0.059,5761378
CDV,20190218,0.4,0.4,0.4,0.4,788
CDT,20190218,0.007,0.007,0.007,0.007,95000
CDP,20190218,7.28,7.28,7.16,7.21,4332
CDM,20190218,0.85,0.85,0.835,0.85,394902
CDD,20190218,0.93,0.945,0.925,0.94,36863
CDA,20190218,3.2,3.28,3.2,3.28,31929
CD3,20190218,1.68,1.68,1.68,1.68,10262
CD2,20190218,2.19,2.19,2.19,2.19,4561
CCX,20190218,1.44,1.44,1.355,1.39,49163
CCV,20190218,0.24,0.24,0.23,0.23,142498
CCP,20190218,21.85,21.93,21.7,21.8,124328
CCL,20190218,8.45,8.47,8.33,8.34,1116730
CCE,20190218,0.003,0.004,0.003,0.004,4260845
CCA,20190218,0.068,0.068,0.066,0.066,152672
CBC,20190218,0.94,0.94,0.94,0.94,3312
CBA,20190218,71.47,71.48,70.66,70.97,2057522
CAZ,20190218,0.026,0.03,0.026,0.03,781215
CAY,20190218,0.215,0.225,0.215,0.22,954594
CAT,20190218,0.65,0.655,0.645,0.645,217308
CAR,20190218,12.18,12.31,11.9,12.2,1725183
CAN,20190218,1.89,1.9,1.82,1.85,287898
CAM,20190218,0.837,0.845,0.837,0.845,73056
CAJ,20190218,0.255,0.26,0.255,0.255,675156
CAI,20190218,0.027,0.028,0.027,0.027,2953887
CAG,20190218,1.43,1.49,1.37,1.49,42505
CAF,20190218,0.115,0.115,0.115,0.115,33495
CAA,20190218,0.125,0.125,0.125,0.125,69923
CA8,20190218,0.1,0.1,0.1,0.1,40000
BYI,20190218,0.885,0.885,0.86,0.86,6000
BYE,20190218,0.3,0.31,0.295,0.3,336366
BXN,20190218,0.021,0.021,0.02,0.02,203554
BXB,20190218,11.2,11.265,10.835,11.07,5021047
BWX,20190218,1.53,1.58,1.53,1.56,318892
BWP,20190218,3.77,3.81,3.74,3.81,1471182
BWF,20190218,0.82,0.82,0.8,0.815,12480
BVS,20190218,4.7,4.755,4.45,4.47,3031662
BUX,20190218,0.11,0.11,0.105,0.105,193022
BUL,20190218,0.045,0.045,0.042,0.042,1495231
BUG,20190218,0.19,0.19,0.19,0.19,3188
BUD,20190218,0.08,0.081,0.079,0.079,614809
BUB,20190218,0.51,0.52,0.505,0.505,845922
BTH,20190218,0.33,0.33,0.325,0.33,166671
BTC,20190218,0.145,0.145,0.145,0.145,1060
BSX,20190218,0.09,0.09,0.087,0.087,6000
BSR,20190218,0.018,0.018,0.018,0.018,386666
BSM,20190218,0.014,0.014,0.013,0.014,3270790
BSL,20190218,12.27,12.425,12.16,12.19,1719619
BSE,20190218,0.275,0.28,0.275,0.275,910928
BSA,20190218,0.26,0.26,0.26,0.26,262676
BRU,20190218,0.235,0.235,0.225,0.235,98321
BRN,20190218,0.075,0.076,0.073,0.073,689821
BRL,20190218,0.135,0.135,0.135,0.135,1426186
BRK,20190218,0.011,0.011,0.011,0.011,7000
BRG,20190218,14.5,14.95,14.31,14.37,310810
BRB,20190218,0.445,0.47,0.44,0.45,840291
BPT,20190218,1.945,1.96,1.895,1.945,21334530
BPP,20190218,0.019,0.02,0.019,0.02,262135
BPL,20190218,0.019,0.019,0.018,0.019,257329
BOT,20190218,0.096,0.099,0.096,0.098,450064
BOQ,20190218,9.65,9.65,9.21,9.32,4915048
BOL,20190218,0.18,0.18,0.18,0.18,52339
BOE,20190218,0.054,0.058,0.054,0.056,2872982
BOC,20190218,0.15,0.15,0.14,0.15,19792
BNO,20190218,0.165,0.21,0.155,0.185,16758073
BMN,20190218,0.039,0.04,0.039,0.039,1135981
BLY,20190218,0.005,0.005,0.004,0.004,320000
BLT,20190218,0.13,0.13,0.12,0.122,145417
BLK,20190218,0.031,0.032,0.029,0.029,6784193
BLG,20190218,0.255,0.255,0.245,0.245,88738
BLD,20190218,4.87,4.91,4.84,4.87,4155477
BLA,20190218,0.79,0.795,0.73,0.735,385732
BKY,20190218,0.46,0.46,0.45,0.45,68127
BKW,20190218,18.11,18.32,18.1,18.27,120909
BKT,20190218,0.078,0.081,0.076,0.08,1277094
BKL,20190218,123.01,124.65,122.84,123.56,61675
BKI,20190218,1.51,1.52,1.495,1.5,438639
BIT,20190218,0.095,0.096,0.093,0.095,1430155
BIS,20190218,1.1,1.105,1.1,1.105,2677
BIN,20190218,1.39,1.4,1.17,1.17,55610502
BID,20190218,1.62,1.625,1.42,1.42,369385
BHP,20190218,36.85,37.12,36.85,37,4282394
BGT,20190218,0.11,0.11,0.095,0.1,258550
BGS,20190218,0.15,0.155,0.15,0.15,152181
BGL,20190218,0.625,0.635,0.6,0.615,1404116
BGH,20190218,0.07,0.07,0.07,0.07,64771
BGA,20190218,5.1,5.11,5,5.02,498629
BFG,20190218,0.85,0.87,0.84,0.84,152078
BFC,20190218,0.125,0.13,0.125,0.13,22000
BEN,20190218,9.94,10.005,9.81,9.81,2765500
BEE,20190218,0.045,0.071,0.045,0.065,1614650
BDR,20190218,0.062,0.067,0.062,0.065,17662973
BDG,20190218,0.14,0.145,0.14,0.145,290623
BDC,20190218,0.046,0.046,0.046,0.046,449877
BDA,20190218,0.45,0.45,0.435,0.435,51191
BD1,20190218,0.019,0.019,0.018,0.018,4899311
BCT,20190218,0.068,0.069,0.068,0.069,169755
BCN,20190218,0.02,0.02,0.02,0.02,522772
BCK,20190218,0.068,0.07,0.068,0.07,134856
BCI,20190218,0.15,0.155,0.145,0.145,203173
BCC,20190218,0.14,0.14,0.14,0.14,92131
BCB,20190218,0.02,0.021,0.02,0.021,2134375
BC8,20190218,0.19,0.195,0.175,0.175,311845
BBX,20190218,0.175,0.175,0.175,0.175,50000
BBN,20190218,2.28,2.29,2.18,2.18,817197
BAT,20190218,0.028,0.03,0.028,0.028,456827
BAS,20190218,0.003,0.003,0.003,0.003,40000
BAR,20190218,0.036,0.036,0.033,0.033,913708
BAP,20190218,5.85,5.87,5.71,5.76,1907872
BAL,20190218,8.67,8.81,8.65,8.7,829411
BAF,20190218,0.855,0.855,0.85,0.855,73014
B2Y,20190218,0.095,0.096,0.092,0.092,75777
AZY,20190218,0.024,0.025,0.023,0.024,10909453
AZV,20190218,0.062,0.062,0.056,0.056,71891
AZS,20190218,0.15,0.15,0.145,0.145,22616
AZM,20190218,0.029,0.029,0.027,0.028,366810
AZJ,20190218,4.69,4.69,4.6,4.63,12537447
AYZ,20190218,44.5,44.5,44.5,44.5,220
AYS,20190218,0.97,0.985,0.95,0.95,98294
AYK,20190218,19.31,19.31,19.3,19.3,352
AYF,20190218,5.8,5.8,5.77,5.77,3500
AXT,20190218,0.014,0.014,0.014,0.014,444
AXP,20190218,0.04,0.04,0.033,0.033,1467406
AXI,20190218,0.041,0.041,0.039,0.039,125000
AXE,20190218,0.073,0.073,0.073,0.073,76892
AX1,20190218,1.38,1.4,1.36,1.36,870085
AWY,20190218,0.041,0.041,0.04,0.04,137809
AWV,20190218,0.012,0.012,0.012,0.012,860956
AWN,20190218,0.19,0.19,0.19,0.19,28350
AWC,20190218,2.65,2.69,2.635,2.66,13026738
AVZ,20190218,0.042,0.047,0.042,0.044,16442274
AVQ,20190218,0.085,0.085,0.074,0.074,1007909
AVN,20190218,2.24,2.27,2.21,2.21,335810
AVL,20190218,0.023,0.024,0.023,0.023,1848912
AVJ,20190218,0.525,0.53,0.52,0.52,19478
AVH,20190218,0.15,0.15,0.135,0.135,4228378
AVG,20190218,0.485,0.49,0.485,0.487,12387
AVA,20190218,0.16,0.17,0.16,0.165,103080
AV1,20190218,0.12,0.12,0.12,0.12,132804
AUZ,20190218,0.042,0.043,0.042,0.042,3870254
AUT,20190218,0.008,0.008,0.008,0.008,6280091
AUR,20190218,0.04,0.04,0.04,0.04,20506
AUL,20190218,0.005,0.005,0.004,0.005,44200087
AUI,20190218,8.54,8.6,8.54,8.6,10690
AUH,20190218,0.004,0.004,0.003,0.003,1200000
AUB,20190218,13.31,13.5,13.15,13.5,369912
AU8,20190218,0.205,0.215,0.2,0.2,126069
AU1,20190218,0.19,0.19,0.19,0.19,25758
ATX,20190218,0.145,0.145,0.145,0.145,13904
ATU,20190218,0.165,0.165,0.16,0.16,720165
ATS,20190218,0.355,0.4,0.355,0.38,880262
ATL,20190218,1.09,1.095,1.075,1.09,161964
ATC,20190218,0.12,0.125,0.12,0.125,437376
ASX,20190218,68.48,68.48,67.43,67.7,467699
AST,20190218,1.74,1.75,1.735,1.74,3487636
ASP,20190218,0.009,0.009,0.009,0.009,4555
ASN,20190218,0.085,0.085,0.081,0.082,783241
ASL,20190218,1.625,1.66,1.6,1.61,4619546
ASH,20190218,0.27,0.27,0.26,0.27,72500
ASB,20190218,2.28,2.31,2.275,2.31,2084714
AS1,20190218,0.145,0.145,0.145,0.145,470895
ARV,20190218,0.076,0.076,0.068,0.072,2293345
ARU,20190218,0.05,0.05,0.048,0.049,1708734
ARS,20190218,0.026,0.027,0.025,0.025,711236
ARQ,20190218,1.72,1.73,1.71,1.72,149258
ARM,20190218,0.017,0.017,0.017,0.017,15563
ARL,20190218,0.47,0.47,0.45,0.47,161993
ARG,20190218,7.75,7.77,7.65,7.67,198071
ARF,20190218,2.72,2.75,2.72,2.75,150079
ARE,20190218,0.026,0.026,0.025,0.025,1416773
ARD,20190218,0.013,0.013,0.013,0.013,61962
ARB,20190218,16.39,16.48,16.07,16.14,133774
ARA,20190218,0.655,0.655,0.655,0.655,1484
AR9,20190218,0.115,0.12,0.115,0.12,23444
AQZ,20190218,2.52,2.55,2.51,2.51,148105
AQI,20190218,0.03,0.03,0.03,0.03,64013
AQG,20190218,3.59,3.61,3.56,3.59,105014
AQD,20190218,0.015,0.015,0.015,0.015,6072
AQC,20190218,0.59,0.59,0.59,0.59,662
APZ,20190218,0.955,0.96,0.955,0.96,33591
APX,20190218,18,18.06,17.82,18,919217
APW,20190218,1.505,1.505,1.5,1.505,16503
APT,20190218,19.01,19.21,18.66,18.87,1507171
APL,20190218,1.06,1.06,1.045,1.05,441047
API,20190218,1.39,1.392,1.36,1.37,465394
APE,20190218,6.7,6.75,6.56,6.6,13376
APD,20190218,0.45,0.45,0.44,0.45,213809
APC,20190218,0.084,0.084,0.081,0.083,129962
APA,20190218,9.25,9.35,9.21,9.28,1068000
AOW,20190218,0.021,0.021,0.02,0.021,646960
AOU,20190218,0.066,0.066,0.066,0.066,60606
AOP,20190218,0.23,0.23,0.22,0.225,188762
AON,20190218,0.13,0.135,0.13,0.135,38782
AOG,20190218,1.975,1.975,1.895,1.93,2086699
AOF,20190218,2.71,2.76,2.71,2.72,23920
AOA,20190218,0.004,0.004,0.004,0.004,750135
ANZ,20190218,26.93,26.99,26.69,26.74,2494503
ANW,20190218,0.017,0.017,0.016,0.016,5350892
ANP,20190218,0.036,0.036,0.034,0.034,526013
ANO,20190218,2.23,2.28,2.22,2.28,63910
ANN,20190218,24.25,25.45,24.1,25.21,1110137
ANL,20190218,0.003,0.003,0.003,0.003,2000914
ANG,20190218,0.22,0.225,0.22,0.222,267301
AMS,20190218,0.725,0.73,0.712,0.72,63090
AMP,20190218,2.17,2.19,2.12,2.15,18972403
AMN,20190218,0.6,0.6,0.6,0.6,2500
AML,20190218,0.29,0.3,0.28,0.3,653643
AMI,20190218,0.87,0.91,0.865,0.89,3270988
AMH,20190218,0.835,0.85,0.835,0.84,70772
AMG,20190218,0.064,0.064,0.061,0.061,350212
AME,20190218,0.039,0.04,0.035,0.035,259662
AMC,20190218,14.72,14.79,14.69,14.74,1741200
AMA,20190218,0.895,0.895,0.87,0.885,229087
ALY,20190218,0.011,0.011,0.011,0.011,443000
ALX,20190218,7,7,6.88,6.98,651412
ALU,20190218,27.12,27.4,26.97,27.07,679934
ALT,20190218,0.005,0.005,0.005,0.005,130337
ALQ,20190218,7.8,7.87,7.78,7.8,879790
ALL,20190218,25.08,25.26,24.65,24.81,1513726
ALK,20190218,0.195,0.2,0.195,0.195,197098
ALI,20190218,1.97,2,1.97,1.99,192950
ALG,20190218,1.45,1.46,1.445,1.45,669867
ALF,20190218,0.95,0.95,0.935,0.935,137285
ALC,20190218,0.041,0.041,0.04,0.04,20000
AL8,20190218,0.094,0.094,0.093,0.093,10000
AKP,20190218,22.1,22.22,21.28,21.65,6928
AKM,20190218,0.019,0.019,0.019,0.019,268343
AKG,20190218,0.465,0.465,0.465,0.465,2000
AJX,20190218,0.115,0.12,0.115,0.115,127966
AJQ,20190218,0.076,0.076,0.075,0.076,45060
AJM,20190218,0.135,0.14,0.13,0.135,3030996
AJL,20190218,0.155,0.185,0.155,0.155,136629
AIZ,20190218,2.6,2.6,2.57,2.58,89828
AIY,20190218,0.085,0.085,0.084,0.084,367222
AIS,20190218,0.21,0.21,0.195,0.195,280470
AIQ,20190218,0.095,0.095,0.095,0.095,1836
AIA,20190218,7.19,7.19,7.065,7.09,62237
AHZ,20190218,0.036,0.036,0.034,0.034,164158
AHY,20190218,1.045,1.065,1.025,1.04,506265
AHX,20190218,0.47,0.47,0.47,0.47,2512
AHQ,20190218,0.047,0.047,0.047,0.047,56315
AHN,20190218,0.01,0.01,0.01,0.01,15615
AHG,20190218,1.635,1.78,1.635,1.775,1763317
AHF,20190218,0.13,0.135,0.13,0.13,52671
AGY,20190218,0.14,0.14,0.135,0.135,348055
AGS,20190218,0.1,0.1,0.1,0.1,29662
AGR,20190218,0.13,0.13,0.125,0.13,52319
AGM,20190218,1.74,1.74,1.74,1.74,24744
AGL,20190218,22.05,22.24,21.96,22.04,1451567
AGI,20190218,0.81,0.825,0.81,0.825,51762
AGH,20190218,0.39,0.41,0.39,0.4,210684
AGG,20190218,3.82,3.82,3.82,3.82,1581
AGE,20190218,0.003,0.003,0.003,0.003,2200000
AFR,20190218,0.02,0.02,0.02,0.02,42400
AFI,20190218,6.07,6.08,6.04,6.06,281393
AFG,20190218,0.965,0.995,0.95,0.965,60668
AEV,20190218,0.016,0.016,0.016,0.016,30000
AEI,20190218,0.15,0.15,0.15,0.15,3000
AEG,20190218,1.04,1.04,1.035,1.035,83825
AEF,20190218,1.695,1.71,1.695,1.695,29667
AEE,20190218,0.015,0.016,0.015,0.015,4069479
ADY,20190218,0.013,0.013,0.013,0.013,31201
ADX,20190218,0.005,0.005,0.005,0.005,196500
ADV,20190218,0.003,0.003,0.003,0.003,1252322
ADT,20190218,0.81,0.81,0.78,0.78,79916
ADO,20190218,0.018,0.019,0.018,0.018,300413
ADN,20190218,0.007,0.007,0.007,0.007,300000
ADJ,20190218,0.044,0.044,0.044,0.044,794959
ADH,20190218,1.935,1.96,1.935,1.955,116407
ADA,20190218,0.74,0.78,0.74,0.775,111219
AD8,20190218,4.24,4.4,4.24,4.35,179152
ACW,20190218,0.055,0.055,0.054,0.054,904394
ACR,20190218,0.175,0.175,0.175,0.175,2000
ACQ,20190218,1.08,1.08,1.075,1.075,6190
ACF,20190218,0.445,0.455,0.44,0.45,117735
ACB,20190218,0.04,0.04,0.04,0.04,12029
AC8,20190218,0.44,0.467,0.44,0.465,1129736
ABX,20190218,0.099,0.1,0.099,0.1,32332
ABV,20190218,0.019,0.019,0.018,0.018,147001
ABT,20190218,0.155,0.17,0.15,0.17,24446
ABR,20190218,0.185,0.185,0.185,0.185,26700
ABP,20190218,3.68,3.68,3.5,3.62,1342980
ABC,20190218,4.95,4.98,4.87,4.94,1191127
ABA,20190218,5.5,5.5,5.47,5.47,27247
AB1,20190218,0.09,0.09,0.09,0.09,106563
AAU,20190218,0.008,0.008,0.008,0.008,400000
AAC,20190218,0.93,0.935,0.915,0.92,2102858
AAA,20190218,50.11,50.12,50.11,50.115,75784
A40,20190218,0.18,0.19,0.18,0.19,249190
A4N,20190218,0.1,0.12,0.1,0.12,139537
A3D,20190218,0.485,0.505,0.425,0.44,1173620
A2M,20190218,12.55,12.79,12.47,12.68,5333876
A2B,20190218,2.07,2.1,2.06,2.07,9344
A1G,20190218,0.3,0.3,0.26,0.27,335475
A1C,20190218,0.17,0.175,0.17,0.175,5284
88E,20190218,0.019,0.019,0.018,0.019,9178772
9SP,20190218,0.013,0.013,0.013,0.013,76999
8CO,20190218,0.041,0.041,0.038,0.038,51742
5GN,20190218,0.62,0.62,0.58,0.58,49946