ATX,20190218,0.145,0.145,0.145,0.145,13904
CSL,20190218,187.78,188.2,186.05,187.04,718124
CD3,20190218,1.68,1.68,1.68,1.68,10262
BPL,20190218,0.019,0.019,0.018,0.019,257329
SVT,20190218,0.013,0.013,0.013,0.013,45053
RXP,20190218,0.52,0.52,0.515,0.515,64698
XIP,20190218,1.58,1.6,1.58,1.6,28954
IBX,20190218,0.029,0.029,0.029,0.029,10000
ACB,20190218,0.04,0.04,0.04,0.04,12029
TMR,20190218,0.235,0.235,0.23,0.23,20057
WAA,20190218,0.98,0.995,0.98,0.995,12296
PUR,20190218,0.037,0.037,0.035,0.036,1818835
IBG,20190218,0.029,0.029,0.028,0.028,838817
HOT,20190218,0.2,0.2,0.2,0.2,10000
CAA,20190218,0.125,0.125,0.125,0.125,69923
MGT,20190218,0.004,0.004,0.004,0.004,1870000
TLX,20190218,0.725,0.725,0.7,0.7,53536
NAE,20190218,0.005,0.005,0.005,0.005,78383
EPM,20190218,0.002,0.003,0.002,0.003,1676666
TGN,20190218,0.25,0.26,0.24,0.26,89734
GTN,20190218,0.91,0.91,0.905,0.905,2176
MOD,20190218,0.315,0.315,0.305,0.305,312043
MRN,20190218,1.95,1.95,1.95,1.95,1000
IDR,20190218,2.9,2.97,2.86,2.94,54013
KFE,20190218,0.089,0.091,0.087,0.091,671600
AUZ,20190218,0.042,0.043,0.042,0.042,3870254
GAP,20190218,0.335,0.335,0.335,0.335,26517
MOY,20190218,0.2,0.205,0.195,0.195,1467153
STX,20190218,0.067,0.067,0.065,0.066,577157
DKM,20190218,0.105,0.105,0.105,0.105,41794
EDE,20190218,0.055,0.055,0.054,0.054,730826
MHC,20190218,0.003,0.003,0.003,0.003,1630592
IP1,20190218,0.031,0.033,0.031,0.031,166000
EML,20190218,1.58,1.58,1.56,1.57,81699
CGC,20190218,5.06,5.17,5.03,5.11,1444257
GBT,20190218,1.685,1.745,1.64,1.675,47304
PSC,20190218,0.021,0.021,0.02,0.02,103098
COE,20190218,0.495,0.51,0.485,0.505,3386798
LAW,20190218,0.06,0.06,0.054,0.054,703593
MCT,20190218,0.012,0.012,0.012,0.012,200000
ERX,20190218,0.077,0.082,0.077,0.082,2032424
KEY,20190218,0.006,0.006,0.006,0.006,300000
CQE,20190218,3.36,3.36,3.29,3.33,171044
ADX,20190218,0.005,0.005,0.005,0.005,196500
PBP,20190218,1.54,1.545,1.525,1.525,115337
FAU,20190218,0.016,0.017,0.015,0.015,1194872
VRT,20190218,4.22,4.22,4.17,4.17,88086
AWY,20190218,0.041,0.041,0.04,0.04,137809
MRM,20190218,0.16,0.17,0.16,0.165,202686
BIN,20190218,1.39,1.4,1.17,1.17,55610502
CSS,20190218,1.095,1.13,1.082,1.085,42312
CTO,20190218,0.006,0.006,0.006,0.006,162000
IGE,20190218,0.255,0.275,0.24,0.25,138196
OKU,20190218,0.245,0.245,0.24,0.245,158408
CMP,20190218,0.35,0.35,0.34,0.34,67173
MXT,20190218,2.1,2.1,2.09,2.1,399828
AVA,20190218,0.16,0.17,0.16,0.165,103080
BBN,20190218,2.28,2.29,2.18,2.18,817197
ADN,20190218,0.007,0.007,0.007,0.007,300000
ALT,20190218,0.005,0.005,0.005,0.005,130337
PCK,20190218,0.051,0.056,0.046,0.046,6401333
SLZ,20190218,0.11,0.115,0.105,0.11,280500
BCN,20190218,0.02,0.02,0.02,0.02,522772
AIY,20190218,0.085,0.085,0.084,0.084,367222
SDF,20190218,3.07,3.07,2.99,3,1176567
VGB,20190218,50.58,50.61,50.52,50.53,103443
AR9,20190218,0.115,0.12,0.115,0.12,23444
CRS,20190218,0.17,0.18,0.17,0.18,25650
NGI,20190218,3.48,3.48,3.26,3.26,507962
HVN,20190218,3.57,3.58,3.54,3.54,1155488
TAR,20190218,0.064,0.064,0.064,0.064,4689
BCI,20190218,0.15,0.155,0.145,0.145,203173
FCC,20190218,0.19,0.19,0.19,0.19,200000
NSC,20190218,0.7,0.7,0.69,0.69,164038
KLH,20190218,0.003,0.003,0.003,0.003,400000
PMV,20190218,15.85,15.85,15.54,15.55,127555
SIG,20190218,0.595,0.6,0.59,0.595,1182376
LKE,20190218,0.053,0.057,0.053,0.057,578282
WGB,20190218,1.905,1.915,1.905,1.905,177419
ANZ,20190218,26.93,26.99,26.69,26.74,2494503
CRD,20190218,0.695,0.7,0.685,0.7,167795
MCP,20190218,1.245,1.265,1.24,1.26,176689
AGL,20190218,22.05,22.24,21.96,22.04,1451567
COH,20190218,199.01,199.46,193.61,194.41,143747
LNK,20190218,7.03,7.07,6.86,6.92,3267975
KDR,20190218,1.35,1.387,1.335,1.35,1178453
SKI,20190218,2.26,2.27,2.23,2.25,6150263
GSS,20190218,0.935,0.95,0.935,0.94,35737
RFF,20190218,2.22,2.23,2.19,2.19,190583
KYK,20190218,0.05,0.055,0.05,0.055,18000
TOU,20190218,0.1,0.1,0.097,0.097,69614
ADY,20190218,0.013,0.013,0.013,0.013,31201
CVC,20190218,2.6,2.6,2.6,2.6,1000
KKT,20190218,0.24,0.25,0.24,0.25,14476
SVL,20190218,0.06,0.062,0.059,0.061,2397023
AOG,20190218,1.975,1.975,1.895,1.93,2086699
GSM,20190218,0.13,0.13,0.13,0.13,7302
MML,20190218,0.375,0.38,0.37,0.38,97472
SEK,20190218,17.06,17.22,16.78,16.8,1244558
SGQ,20190218,0.145,0.15,0.145,0.15,335875
ODY,20190218,0.05,0.05,0.05,0.05,1082190
ISD,20190218,0.305,0.31,0.305,0.305,798363
KLL,20190218,0.34,0.365,0.34,0.35,713243
IDA,20190218,0.052,0.052,0.052,0.052,11944
TWR,20190218,0.695,0.695,0.695,0.695,840
SPQ,20190218,0.005,0.005,0.005,0.005,50000
BTH,20190218,0.33,0.33,0.325,0.33,166671
CTP,20190218,0.14,0.14,0.135,0.14,132671
TOE,20190218,0.025,0.026,0.025,0.025,397951
QCB,20190218,8.3,8.3,8.3,8.3,120
TOP,20190218,0.645,0.645,0.635,0.64,78182
SVM,20190218,0.073,0.073,0.073,0.073,233810
SVY,20190218,0.28,0.33,0.275,0.32,1087813
BRL,20190218,0.135,0.135,0.135,0.135,1426186
ARS,20190218,0.026,0.027,0.025,0.025,711236
IGB,20190218,106.98,106.99,106.69,106.96,891
RXM,20190218,0.075,0.078,0.075,0.078,232547
QVE,20190218,1.055,1.07,1.05,1.07,267399
WAM,20190218,2.16,2.17,2.15,2.16,389783
PGI,20190218,0.029,0.03,0.028,0.03,187317
JYC,20190218,1.435,1.44,1.435,1.44,10468
PCH,20190218,0.002,0.002,0.002,0.002,1300001
ILU,20190218,9.4,9.47,9.33,9.4,1296405
EVS,20190218,0.092,0.096,0.092,0.094,2392117
TTL,20190218,0.018,0.018,0.018,0.018,739590
CZL,20190218,0.02,0.02,0.02,0.02,123000
POD,20190218,0.061,0.063,0.056,0.056,110599
JBH,20190218,23.61,24.02,23.26,23.5,1040536
DWS,20190218,1.165,1.18,1.165,1.17,41310
TAM,20190218,0.045,0.045,0.045,0.045,25000
ARF,20190218,2.72,2.75,2.72,2.75,150079
WQG,20190218,1.065,1.07,1.065,1.07,86507
IMA,20190218,0.18,0.18,0.17,0.175,1750043
CP1,20190218,0.12,0.12,0.12,0.12,12700
CYB,20190218,3.4,3.44,3.35,3.38,2533918
KPO,20190218,0.014,0.014,0.014,0.014,429879
G1A,20190218,0.355,0.355,0.345,0.35,41517
CWL,20190218,0.055,0.064,0.055,0.064,16207
XMJ,20190218,12694.7,12887.4,12694.7,12821.1,0
GMR,20190218,0.016,0.017,0.016,0.017,2224992
MFF,20190218,2.77,2.85,2.76,2.85,284490
MNS,20190218,0.33,0.33,0.29,0.29,814859
IPT,20190218,0.008,0.008,0.008,0.008,393800
AB1,20190218,0.09,0.09,0.09,0.09,106563
CCL,20190218,8.45,8.47,8.33,8.34,1116730
IVR,20190218,0.01,0.011,0.01,0.011,3666447
PNR,20190218,0.235,0.24,0.235,0.235,397892
AVJ,20190218,0.525,0.53,0.52,0.52,19478
XSJ,20190218,10803.3,10915.2,10803.3,10830.4,0
GPT,20190218,5.9,5.96,5.875,5.94,4837524
SCT,20190218,0.15,0.15,0.14,0.145,178391
OCL,20190218,2.53,2.53,2.52,2.52,1791
INP,20190218,0.091,0.1,0.085,0.086,9828009
SHL,20190218,23.89,23.93,23.57,23.65,991692
FSA,20190218,1.15,1.15,1.15,1.15,7500
AMH,20190218,0.835,0.85,0.835,0.84,70772
CGL,20190218,8.58,8.72,8.535,8.6,45228
AGH,20190218,0.39,0.41,0.39,0.4,210684
IPL,20190218,3.29,3.31,3.26,3.26,11044343
SCU,20190218,0.02,0.02,0.02,0.02,49469
VTI,20190218,0.14,0.145,0.135,0.135,11819
AEI,20190218,0.15,0.15,0.15,0.15,3000
IEM,20190218,59,59.42,58.85,58.96,10484
AIQ,20190218,0.095,0.095,0.095,0.095,1836
EFF,20190218,1.57,1.57,1.57,1.57,125000
ERM,20190218,0.068,0.068,0.068,0.068,20000
RES,20190218,0.063,0.063,0.06,0.06,100000
CWN,20190218,12.23,12.23,12.02,12.11,982910
LVT,20190218,0.345,0.35,0.34,0.34,697859
JAN,20190218,0.345,0.345,0.33,0.33,8601
NNW,20190218,0.115,0.115,0.115,0.115,34673
HSC,20190218,0.03,0.03,0.03,0.03,48750
NWF,20190218,0.18,0.18,0.18,0.18,25000
IVC,20190218,12.97,12.97,12.54,12.59,603496
UBI,20190218,0.245,0.245,0.23,0.23,158728
ZEN,20190218,0.7,0.7,0.69,0.695,386522
ST1,20190218,0.14,0.15,0.14,0.145,64793
RDM,20190218,0.105,0.115,0.105,0.115,50000
RFG,20190218,0.29,0.295,0.29,0.29,560256
AXE,20190218,0.073,0.073,0.073,0.073,76892
CCA,20190218,0.068,0.068,0.066,0.066,152672
XTD,20190218,0.03,0.03,0.023,0.023,2519103
IXI,20190218,69.07,69.43,69.07,69.4,1504
AGR,20190218,0.13,0.13,0.125,0.13,52319
SXX,20190218,0.005,0.005,0.005,0.005,20000
BWP,20190218,3.77,3.81,3.74,3.81,1471182
ARE,20190218,0.026,0.026,0.025,0.025,1416773
APX,20190218,18,18.06,17.82,18,919217
NTC,20190218,0.73,0.75,0.72,0.735,220352
GRB,20190218,0.11,0.11,0.105,0.11,940721
EMB,20190218,12.8,12.8,12.8,12.8,403
TGR,20190218,4.84,4.925,4.79,4.85,1575448
PDN,20190218,0.195,0.2,0.192,0.195,1000847
SW1,20190218,0.27,0.28,0.26,0.27,184943
SDV,20190218,0.07,0.07,0.066,0.067,333438
NOX,20190218,0.4,0.43,0.4,0.42,54224
ELX,20190218,0.605,0.615,0.595,0.605,145095
IDX,20190218,2.85,2.92,2.85,2.85,23284
CHR,20190218,4.13,4.13,4.12,4.12,769
BKL,20190218,123.01,124.65,122.84,123.56,61675
MFG,20190218,32.79,33.44,32.72,32.92,742231
BCT,20190218,0.068,0.069,0.068,0.069,169755
CPU,20190218,18.24,18.24,17.89,18.08,3625047
OPN,20190218,0.034,0.034,0.034,0.034,662478
COL,20190218,12.6,12.65,12.5,12.59,1600572
EXP,20190218,0.24,0.247,0.23,0.245,238315
DRX,20190218,0.015,0.015,0.015,0.015,18000
GLL,20190218,0.405,0.405,0.39,0.39,60692
DTL,20190218,1.69,1.69,1.63,1.65,11509
CDA,20190218,3.2,3.28,3.2,3.28,31929
SRG,20190218,0.48,0.48,0.475,0.48,97059
OOO,20190218,15.76,15.76,15.63,15.7,54203
RHL,20190218,3.06,3.15,3.03,3.09,114991
BLT,20190218,0.13,0.13,0.12,0.122,145417
SIL,20190218,0.305,0.305,0.3,0.3,1124354
ANP,20190218,0.036,0.036,0.034,0.034,526013
NAM,20190218,0.39,0.39,0.39,0.39,2046
MGR,20190218,2.56,2.6,2.55,2.59,6505715
WPL,20190218,36.61,37.1,36.51,36.89,3380233
ALI,20190218,1.97,2,1.97,1.99,192950
IPD,20190218,0.24,0.25,0.235,0.24,243638
SMI,20190218,0.005,0.006,0.005,0.005,5778361
WHA,20190218,0.905,0.93,0.905,0.92,297820
KNL,20190218,0.115,0.115,0.11,0.11,40660
LBT,20190218,0.073,0.073,0.073,0.073,15000
JPR,20190218,0.039,0.039,0.039,0.039,2120
PET,20190218,0.385,0.39,0.37,0.37,152065
MXR,20190218,0.074,0.075,0.074,0.075,16088
SRV,20190218,3.05,3.14,3.05,3.08,40953
FRX,20190218,0.046,0.047,0.046,0.047,93757
XDJ,20190218,2263.2,2281.1,2260.7,2262.9,0
TOT,20190218,1.2,1.2,1.2,1.2,92429
GLB,20190218,2.29,2.29,2.29,2.29,1800
HPR,20190218,0.062,0.062,0.061,0.061,85000
ARU,20190218,0.05,0.05,0.048,0.049,1708734
BUX,20190218,0.11,0.11,0.105,0.105,193022
MSV,20190218,0.048,0.05,0.047,0.049,1821483
DOR,20190218,0.09,0.09,0.09,0.09,1830
BLD,20190218,4.87,4.91,4.84,4.87,4155477
QTM,20190218,0.037,0.037,0.037,0.037,25000
KNM,20190218,0.023,0.023,0.023,0.023,58328
AAA,20190218,50.11,50.12,50.11,50.115,75784
PIC,20190218,1.08,1.085,1.075,1.075,263301
FPC,20190218,0.84,0.84,0.835,0.84,63000
TV2,20190218,0.007,0.008,0.007,0.007,12455364
PFP,20190218,2.97,2.97,2.91,2.91,20971
KAR,20190218,1.03,1.045,1.02,1.045,722281
PM8,20190218,0.019,0.021,0.019,0.02,16462684
MRV,20190218,0.006,0.006,0.006,0.006,2955000
FTC,20190218,0.036,0.036,0.036,0.036,88821
NKP,20190218,0.085,0.086,0.085,0.086,30000
IKO,20190218,89.42,90.37,89.42,90.19,933
PRX,20190218,0.065,0.065,0.06,0.06,951797
BD1,20190218,0.019,0.019,0.018,0.018,4899311
AEF,20190218,1.695,1.71,1.695,1.695,29667
GOW,20190218,2.63,2.65,2.63,2.65,45245
IEC,20190218,0.014,0.014,0.014,0.014,500000
EMN,20190218,0.295,0.295,0.275,0.275,62046
BRK,20190218,0.011,0.011,0.011,0.011,7000
PLG,20190218,1.16,1.162,1.16,1.16,2336704
HGO,20190218,0.084,0.084,0.076,0.076,5053966
WEB,20190218,11.77,11.97,11.62,11.69,592297
PNI,20190218,4.7,4.95,4.66,4.9,296254
AVG,20190218,0.485,0.49,0.485,0.487,12387
WOW,20190218,30.26,30.43,30.16,30.24,1069427
TNY,20190218,0.39,0.395,0.39,0.395,5000
KOV,20190218,2.81,2.81,2.79,2.79,31562
WLD,20190218,0.061,0.061,0.061,0.061,10000
MDC,20190218,0.4,0.4,0.39,0.39,34620
WWI,20190218,0.009,0.009,0.008,0.008,1403721
RBL,20190218,1.015,1.015,0.99,1.005,1077586
VMC,20190218,0.125,0.125,0.125,0.125,7157
TLS,20190218,3.19,3.215,3.18,3.21,22800705
XTL,20190218,3365,3394.6,3365,3382.3,0
TER,20190218,0.58,0.6,0.57,0.6,432421
STW,20190218,57.07,57.15,56.82,56.87,75445
LAU,20190218,0.38,0.385,0.38,0.385,20380
AV1,20190218,0.12,0.12,0.12,0.12,132804
FEI,20190218,0.095,0.095,0.095,0.095,5273
ABX,20190218,0.099,0.1,0.099,0.1,32332
AEV,20190218,0.016,0.016,0.016,0.016,30000
GMY,20190218,0.69,0.705,0.69,0.705,7329
QBE,20190218,11.3,11.38,11.28,11.32,4888301
BFC,20190218,0.125,0.13,0.125,0.13,22000
SBM,20190218,5.15,5.19,5.09,5.13,2090323
AMP,20190218,2.17,2.19,2.12,2.15,18972403
NHC,20190218,4.24,4.285,4.15,4.16,1928782
VLW,20190218,1.97,2.02,1.955,1.97,303918
NTD,20190218,0.47,0.495,0.47,0.47,526094
RAC,20190218,0.086,0.086,0.083,0.084,153047
IAU,20190218,0.37,0.38,0.36,0.36,1756
SP3,20190218,0.16,0.16,0.16,0.16,2112
REA,20190218,78.1,78.9,77.34,78.68,240226
CIP,20190218,2.86,2.91,2.84,2.85,110879
AKP,20190218,22.1,22.22,21.28,21.65,6928
IME,20190218,0.025,0.025,0.024,0.024,980694
RUL,20190218,0.6,0.6,0.57,0.57,64332
XHJ,20190218,29307.6,29699.8,29307.6,29533.9,0
MGV,20190218,0.088,0.088,0.086,0.086,287060
RMY,20190218,0.2,0.2,0.19,0.19,23520
ORI,20190218,18.4,18.4,18.15,18.21,572991
PRT,20190218,0.24,0.245,0.24,0.245,21734
EVO,20190218,0.22,0.22,0.22,0.22,110000
KSN,20190218,0.019,0.019,0.017,0.018,848488
AMS,20190218,0.725,0.73,0.712,0.72,63090
CWP,20190218,4.96,5,4.93,4.93,64473
SGR,20190218,4.6,4.64,4.57,4.58,2047796
WHC,20190218,4.6,4.695,4.54,4.55,9257864
PLL,20190218,0.1,0.1,0.097,0.097,401431
MNY,20190218,1.9,1.95,1.875,1.94,364024
NVU,20190218,0.095,0.096,0.095,0.095,77845
MYQ,20190218,0.39,0.395,0.37,0.385,93700
GMD,20190218,0.033,0.034,0.033,0.034,11392639
ECT,20190218,0.011,0.011,0.01,0.01,3040353
RSM,20190218,20.85,20.9,20.85,20.9,517
MGX,20190218,0.69,0.71,0.69,0.69,803614
ZEL,20190218,5.83,5.84,5.81,5.83,2536
DRM,20190218,0.405,0.417,0.4,0.415,2215954
CVN,20190218,0.375,0.375,0.36,0.37,2610125
MIN,20190218,17.6,17.85,17.48,17.64,1081292
CIA,20190218,1.54,1.54,1.52,1.53,22233
AIA,20190218,7.19,7.19,7.065,7.09,62237
RMX,20190218,0.005,0.005,0.005,0.005,580578
PNL,20190218,0.135,0.135,0.13,0.13,247878
GDG,20190218,0.7,0.7,0.65,0.65,99399
WES,20190218,33.57,33.7,33.31,33.46,1373373
XIJ,20190218,1236.4,1247.2,1235,1238.5,0
SM8,20190218,0.019,0.024,0.019,0.023,888481
LI3,20190218,0.06,0.06,0.06,0.06,13000
RNO,20190218,0.17,0.17,0.16,0.16,73116
ISO,20190218,4.95,4.95,4.92,4.93,11413
NET,20190218,0.027,0.027,0.026,0.026,651868
KOR,20190218,0.027,0.027,0.027,0.027,9600
UBE,20190218,21.29,21.29,21.29,21.29,44
FAR,20190218,0.058,0.06,0.058,0.058,3806533
DJW,20190218,3.17,3.24,3.17,3.2,228902
AOW,20190218,0.021,0.021,0.02,0.021,646960
OPH,20190218,2.48,2.5,2.48,2.49,179018
OGC,20190218,4.45,4.58,4.44,4.56,322425
SPO,20190218,1.6,1.6,1.6,1.6,12566
DLC,20190218,0.006,0.006,0.006,0.006,4488
IVV,20190218,390.86,391.8,390.31,390.88,32800
VIF,20190218,48.15,48.32,48.15,48.3,5590
NOV,20190218,0.24,0.255,0.24,0.245,284529
ALG,20190218,1.45,1.46,1.445,1.45,669867
VTS,20190218,200,200.41,199.57,199.92,8900
NVA,20190218,0.019,0.019,0.018,0.018,300000
SWK,20190218,0.22,0.22,0.217,0.22,391575
ZIP,20190218,0.015,0.015,0.015,0.015,332003
AC8,20190218,0.44,0.467,0.44,0.465,1129736
SCG,20190218,4.02,4.02,3.95,3.99,9758270
XFJ,20190218,5779.8,5824.7,5769.2,5780.7,0
CAT,20190218,0.65,0.655,0.645,0.645,217308
WOR,20190218,15.28,15.51,15.28,15.34,1009988
THX,20190218,0.012,0.012,0.012,0.012,41666
ABR,20190218,0.185,0.185,0.185,0.185,26700
HM1,20190218,2.73,2.74,2.73,2.74,308706
SGI,20190218,0.145,0.145,0.145,0.145,160000
LSF,20190218,1.46,1.49,1.455,1.48,526519
OSL,20190218,0.165,0.17,0.165,0.17,258626
PGC,20190218,0.48,0.485,0.47,0.48,20686089
IMM,20190218,0.032,0.033,0.031,0.032,5535264
OFX,20190218,1.79,1.82,1.77,1.795,135970
LER,20190218,0.058,0.058,0.056,0.056,34300
CYL,20190218,1.63,1.65,1.6,1.63,121442
BEE,20190218,0.045,0.071,0.045,0.065,1614650
MYL,20190218,0.077,0.081,0.077,0.079,6757632
PCL,20190218,0.002,0.002,0.002,0.002,132286631
FZO,20190218,0.22,0.22,0.2,0.2,171599
NMT,20190218,0.205,0.21,0.2,0.21,157078
CKF,20190218,6.33,6.44,6.3,6.4,168055
YOJ,20190218,0.088,0.088,0.081,0.081,669311
HIP,20190218,0.013,0.014,0.013,0.014,323002
SYT,20190218,0.006,0.006,0.006,0.006,53000
ILC,20190218,23.97,23.98,23.91,23.91,11112
SPT,20190218,0.855,0.87,0.79,0.795,3473442
BAR,20190218,0.036,0.036,0.033,0.033,913708
CYA,20190218,0.935,0.935,0.935,0.935,19500
AML,20190218,0.29,0.3,0.28,0.3,653643
ATL,20190218,1.09,1.095,1.075,1.09,161964
P2P,20190218,0.435,0.435,0.435,0.435,1382
EMR,20190218,0.041,0.042,0.04,0.041,1818832
WRM,20190218,0.006,0.006,0.006,0.006,794150
GVF,20190218,1.05,1.055,1.04,1.04,114209
TDO,20190218,0.1,0.11,0.1,0.1,505560
ADV,20190218,0.003,0.003,0.003,0.003,1252322
PXS,20190218,0.255,0.265,0.255,0.26,129803
QOZ,20190218,12.98,12.98,12.92,12.94,249396
TSC,20190218,0.005,0.006,0.005,0.006,810671
LMG,20190218,0.01,0.01,0.01,0.01,498005
GBG,20190218,0.014,0.014,0.014,0.014,156083
AHY,20190218,1.045,1.065,1.025,1.04,506265
OVL,20190218,0.003,0.003,0.003,0.003,95000
MWY,20190218,3.61,3.62,3.54,3.6,24217
OZL,20190218,10.25,10.41,10.15,10.19,1205723
HIL,20190218,0.185,0.19,0.185,0.19,124486
DCC,20190218,0.049,0.052,0.048,0.051,2063354
ALU,20190218,27.12,27.4,26.97,27.07,679934
GDF,20190218,1.36,1.365,1.36,1.36,13889
BSA,20190218,0.26,0.26,0.26,0.26,262676
LHM,20190218,0.013,0.013,0.013,0.013,92
MRC,20190218,0.17,0.17,0.17,0.17,16664
HSN,20190218,3.41,3.45,3.31,3.31,199461
MBM,20190218,0.1,0.1,0.1,0.1,272497
IJP,20190218,76.5,76.68,76,76.24,3356
EBO,20190218,21.01,21.01,21.01,21.01,26
CYP,20190218,1.6,1.64,1.58,1.58,108737
LYC,20190218,1.87,1.88,1.795,1.815,4918094
GNE,20190218,2.62,2.64,2.62,2.62,29025
OVN,20190218,0.27,0.27,0.27,0.27,75139
WPP,20190218,0.565,0.565,0.53,0.535,114887
RMD,20190218,14.1,14.11,13.93,14.02,1280777
S2R,20190218,0.076,0.076,0.07,0.071,178168
SEN,20190218,0.073,0.073,0.073,0.073,395380
FMS,20190218,0.046,0.048,0.046,0.047,357400
IEU,20190218,59.24,59.4,59.08,59.2,12861
MSB,20190218,1.175,1.18,1.16,1.165,212499
A2M,20190218,12.55,12.79,12.47,12.68,5333876
GEM,20190218,3.54,3.58,3.5,3.56,2362933
CGN,20190218,0.011,0.011,0.011,0.011,1
NHL,20190218,0.025,0.025,0.025,0.025,1357341
WHK,20190218,0.063,0.068,0.063,0.067,575261
VCF,20190218,47.35,47.35,47.35,47.35,984
TTB,20190218,0.031,0.031,0.031,0.031,118996
HFR,20190218,0.63,0.63,0.625,0.63,284004
LVH,20190218,0.57,0.57,0.56,0.56,90496
SSM,20190218,1.99,2.07,1.885,2.03,6959900
NUF,20190218,5.57,5.57,5.405,5.42,1324175
IAF,20190218,109.37,109.49,109.37,109.45,14109
BSX,20190218,0.09,0.09,0.087,0.087,6000
WLL,20190218,5.15,5.15,5,5,4541
SRO,20190218,0.001,0.001,0.001,0.001,2780670
SFR,20190218,8.1,8.34,8.02,8.18,1221322
UBP,20190218,25.01,25.2,25.01,25.2,343
CMA,20190218,2.48,2.49,2.46,2.46,248092
KSS,20190218,0.115,0.115,0.11,0.11,209000
AOA,20190218,0.004,0.004,0.004,0.004,750135
PGH,20190218,3.09,3.13,3.05,3.07,1251362
OBJ,20190218,0.018,0.018,0.017,0.018,408142
SM1,20190218,9.41,9.44,9.3,9.41,62836
EVT,20190218,13.4,13.4,13.15,13.25,10343
BUG,20190218,0.19,0.19,0.19,0.19,3188
CPV,20190218,0.32,0.32,0.3,0.3,316743
AHQ,20190218,0.047,0.047,0.047,0.047,56315
DDR,20190218,3.08,3.08,3.04,3.06,90917
AVN,20190218,2.24,2.27,2.21,2.21,335810
VMG,20190218,0.001,0.001,0.001,0.001,350960
HCT,20190218,0.06,0.06,0.06,0.06,28725
SO4,20190218,0.475,0.48,0.475,0.477,87744
S32,20190218,3.85,3.86,3.8,3.85,21038551
LSH,20190218,0.069,0.069,0.069,0.069,24969
ING,20190218,4.46,4.52,4.45,4.49,2066045
VIV,20190218,0.027,0.027,0.026,0.026,231000
SYA,20190218,0.022,0.023,0.022,0.023,502687
XMD,20190218,6547.2,6595.4,6547.2,6559.2,0
ECX,20190218,2.35,2.35,2.23,2.24,2295724
RBR,20190218,0.016,0.017,0.016,0.017,2766674
NWH,20190218,2.05,2.09,2.02,2.08,1840396
SIH,20190218,0.014,0.014,0.014,0.014,135882
DCG,20190218,0.78,0.79,0.775,0.785,105935
BGS,20190218,0.15,0.155,0.15,0.15,152181
FSF,20190218,4.42,4.42,4.4,4.4,10828
SOR,20190218,0.039,0.039,0.035,0.035,585808
ROO,20190218,0.092,0.095,0.092,0.095,296421
PPL,20190218,0.035,0.035,0.035,0.035,472940
BAP,20190218,5.85,5.87,5.71,5.76,1907872
KAI,20190218,0.021,0.021,0.019,0.019,541465
DUB,20190218,0.54,0.545,0.53,0.54,1030505
RVR,20190218,0.165,0.165,0.16,0.165,558197
MYS,20190218,4.68,4.68,4.6,4.68,98820
IVO,20190218,0.004,0.004,0.003,0.004,612000
KGL,20190218,0.305,0.305,0.305,0.305,3229
KME,20190218,0.82,0.82,0.81,0.81,6890
IFL,20190218,5.21,5.32,5.11,5.3,1347556
KIN,20190218,0.072,0.072,0.07,0.07,59097
VHT,20190218,1.06,1.065,1.045,1.045,193393
KGN,20190218,4.3,4.41,4.24,4.26,408933
BUD,20190218,0.08,0.081,0.079,0.079,614809
LLC,20190218,13.75,13.8,13.53,13.67,2308572
REF,20190218,0.03,0.03,0.029,0.029,46520
APL,20190218,1.06,1.06,1.045,1.05,441047
ABC,20190218,4.95,4.98,4.87,4.94,1191127
BOE,20190218,0.054,0.058,0.054,0.056,2872982
CLX,20190218,0.88,0.88,0.875,0.875,5092
QFY,20190218,0.007,0.007,0.007,0.007,181
PVS,20190218,1.55,1.55,1.55,1.55,200
AHN,20190218,0.01,0.01,0.01,0.01,15615
APT,20190218,19.01,19.21,18.66,18.87,1507171
GMA,20190218,2.38,2.43,2.38,2.41,680082
MHG,20190218,3.15,3.15,3.15,3.15,4499
BYE,20190218,0.3,0.31,0.295,0.3,336366
SYI,20190218,27.62,27.66,27.62,27.62,2684
HTA,20190218,0.12,0.12,0.12,0.12,54860
PRL,20190218,0.004,0.004,0.004,0.004,13813745
8CO,20190218,0.041,0.041,0.038,0.038,51742
AZY,20190218,0.024,0.025,0.023,0.024,10909453
CQR,20190218,4.6,4.64,4.55,4.61,996832
QAN,20190218,5.76,5.765,5.71,5.73,3884852
EGL,20190218,0.055,0.055,0.055,0.055,13750
BXN,20190218,0.021,0.021,0.02,0.02,203554
MVS,20190218,19.72,19.72,19.65,19.65,5224
BCB,20190218,0.02,0.021,0.02,0.021,2134375
CRN,20190218,3.35,3.41,3.32,3.39,978002
RGI,20190218,0.275,0.295,0.275,0.29,296369
WHF,20190218,4.4,4.41,4.39,4.39,15780
FIJ,20190218,0.09,0.091,0.09,0.091,63518
IOO,20190218,64.31,64.53,64.04,64.29,14433
GMV,20190218,0.295,0.31,0.295,0.3,177910
IVZ,20190218,0.042,0.042,0.04,0.04,1884029
WND,20190218,0.87,0.925,0.86,0.905,561012
BLA,20190218,0.79,0.795,0.73,0.735,385732
GC1,20190218,0.85,0.85,0.85,0.85,6064
MVR,20190218,28.1,28.2,28.1,28.11,3305
NAN,20190218,3.55,3.6,3.43,3.45,1639813
FUN,20190218,0.052,0.052,0.051,0.051,170000
BCK,20190218,0.068,0.07,0.068,0.07,134856
TAP,20190218,0.09,0.09,0.09,0.09,40442
BDG,20190218,0.14,0.145,0.14,0.145,290623
REY,20190218,0.085,0.091,0.085,0.091,7239
LPI,20190218,0.245,0.245,0.24,0.24,131515
MP1,20190218,4.17,4.25,4.1,4.21,204348
COI,20190218,0.355,0.355,0.34,0.35,285307
MEB,20190218,0.021,0.022,0.021,0.022,22196
NSR,20190218,1.89,1.895,1.86,1.885,1189486
MYO,20190218,3.42,3.42,3.385,3.4,443742
MVP,20190218,3.7,3.86,3.7,3.79,33707
NST,20190218,9.75,9.97,9.68,9.73,3141761
CD2,20190218,2.19,2.19,2.19,2.19,4561
IEL,20190218,15,15.03,14.66,14.74,1081467
RMS,20190218,0.605,0.62,0.6,0.62,6574304
TEK,20190218,0.22,0.22,0.215,0.22,935898
PBX,20190218,0.017,0.017,0.017,0.017,75757
EM1,20190218,0.01,0.01,0.009,0.009,11910207
AS1,20190218,0.145,0.145,0.145,0.145,470895
QMS,20190218,0.695,0.7,0.69,0.695,232772
MRG,20190218,0.11,0.115,0.11,0.11,254710
SHV,20190218,6.12,6.25,6.12,6.2,103029
IGO,20190218,4.79,4.89,4.78,4.8,2502251
UBA,20190218,20.28,20.42,20.28,20.42,3146
SIV,20190218,1.84,1.85,1.775,1.805,34569
A1G,20190218,0.3,0.3,0.26,0.27,335475
RMC,20190218,0.535,0.535,0.535,0.535,28044
RWC,20190218,5,5.01,4.915,4.94,2398790
SEI,20190218,0.021,0.023,0.021,0.023,1077380
EHX,20190218,0.026,0.026,0.026,0.026,15950
OML,20190218,3.98,4.04,3.925,3.98,1075737
ANG,20190218,0.22,0.225,0.22,0.222,267301
RFT,20190218,0.033,0.033,0.033,0.033,135375
JHC,20190218,1.3,1.415,1.3,1.41,654003
ICT,20190218,0.058,0.058,0.05,0.05,5130970
AVZ,20190218,0.042,0.047,0.042,0.044,16442274
HCO,20190218,0.001,0.001,0.001,0.001,6929236
PM1,20190218,0.014,0.014,0.014,0.014,1111495
ABA,20190218,5.5,5.5,5.47,5.47,27247
RHT,20190218,0.074,0.078,0.073,0.074,1787709
FYI,20190218,0.062,0.062,0.062,0.062,174227
IHD,20190218,13.37,13.37,13.36,13.36,1243
GMG,20190218,13,13.02,12.71,12.91,6629864
PVL,20190218,0.058,0.058,0.05,0.05,123686
INR,20190218,0.145,0.15,0.145,0.145,629128
NEU,20190218,1.37,1.37,1.32,1.325,63198
AFG,20190218,0.965,0.995,0.95,0.965,60668
AXT,20190218,0.014,0.014,0.014,0.014,444
TAH,20190218,4.53,4.56,4.51,4.52,4652508
ARD,20190218,0.013,0.013,0.013,0.013,61962
A1C,20190218,0.17,0.175,0.17,0.175,5284
CNW,20190218,0.027,0.028,0.027,0.028,878732
KRR,20190218,0.037,0.038,0.037,0.038,792818
CIE,20190218,0.79,0.79,0.76,0.76,50965
CGR,20190218,0.535,0.55,0.53,0.545,449917
AUB,20190218,13.31,13.5,13.15,13.5,369912
SIQ,20190218,9.8,9.8,8.75,8.9,1845957
DCL,20190218,0.135,0.135,0.13,0.135,68135
GML,20190218,0.016,0.016,0.015,0.015,2147704
WGF,20190218,0.97,0.98,0.97,0.975,103265
RGS,20190218,0.125,0.13,0.12,0.13,103999
XGD,20190218,5969.6,6084.9,5969.6,6031.2,0
AYZ,20190218,44.5,44.5,44.5,44.5,220
SRN,20190218,0.004,0.004,0.004,0.004,148249
AZM,20190218,0.029,0.029,0.027,0.028,366810
CNI,20190218,1.41,1.44,1.335,1.34,791211
PNC,20190218,2.98,3.02,2.95,2.98,81074
IVX,20190218,0.017,0.017,0.017,0.017,1702861
HPI,20190218,3.13,3.13,3.11,3.13,61168
VRM,20190218,0.016,0.017,0.016,0.017,241621
LNU,20190218,0.036,0.036,0.03,0.033,3015935
DNA,20190218,0.077,0.077,0.075,0.075,1274719
LBL,20190218,0.4,0.4,0.4,0.4,32774
EMU,20190218,0.048,0.048,0.048,0.048,29000
SNC,20190218,0.855,0.855,0.85,0.85,15000
XAM,20190218,0.105,0.11,0.098,0.105,2292305
RHC,20190218,58.91,59.99,58.75,59.83,352067
TRS,20190218,2.76,2.76,2.74,2.74,106711
KCN,20190218,0.165,0.165,0.16,0.165,107573
CDP,20190218,7.28,7.28,7.16,7.21,4332
MEU,20190218,0.015,0.015,0.015,0.015,133436
CCE,20190218,0.003,0.004,0.003,0.004,4260845
AIZ,20190218,2.6,2.6,2.57,2.58,89828
MOH,20190218,0.135,0.145,0.13,0.14,1253322
EAX,20190218,0.33,0.33,0.33,0.33,4000
ESR,20190218,0.016,0.016,0.016,0.016,2500
SUR,20190218,0.004,0.004,0.004,0.004,500000
AVQ,20190218,0.085,0.085,0.074,0.074,1007909
WAX,20190218,1.35,1.35,1.325,1.325,198739
WGN,20190218,3.15,3.15,3.01,3.07,99488
XXJ,20190218,6446.4,6496.5,6434.6,6447.4,0
TPE,20190218,1.08,1.08,1.05,1.05,22999
XMM,20190218,4163.6,4237.9,4163.6,4216.5,0
IAB,20190218,0.1,0.1,0.1,0.1,965
TME,20190218,6.14,6.15,6.125,6.15,347718
IFN,20190218,0.51,0.515,0.505,0.515,853086
RHY,20190218,0.14,0.14,0.135,0.135,54404
ECG,20190218,0.12,0.12,0.12,0.12,1365
SNL,20190218,3.92,3.93,3.92,3.93,1203
WGX,20190218,1.15,1.19,1.135,1.165,608628
VMX,20190218,0.23,0.23,0.215,0.215,30728
XAT,20190218,6013.2,6062.4,6013.2,6037,0
BUB,20190218,0.51,0.52,0.505,0.505,845922
FWD,20190218,1.75,1.75,1.68,1.71,57913
DRO,20190218,0.135,0.135,0.125,0.13,412545
SEA,20190218,0.4,0.41,0.395,0.4,3234101
BAL,20190218,8.67,8.81,8.65,8.7,829411
HAS,20190218,0.155,0.16,0.155,0.16,30000
ZMI,20190218,0.005,0.005,0.005,0.005,622000
THC,20190218,0.575,0.59,0.57,0.57,139176
BSL,20190218,12.27,12.425,12.16,12.19,1719619
SNS,20190218,0.08,0.08,0.079,0.08,159515
TGP,20190218,1.03,1.035,1.02,1.035,107715
CLH,20190218,1.4,1.44,1.392,1.41,159618
G88,20190218,0.087,0.09,0.085,0.09,210810
ETE,20190218,0.012,0.012,0.012,0.012,969397
MEP,20190218,0.04,0.04,0.04,0.04,35695
KIS,20190218,0.079,0.079,0.079,0.079,5910
FRI,20190218,0.83,0.83,0.83,0.83,39854
MGG,20190218,1.635,1.645,1.615,1.63,1306206
ANW,20190218,0.017,0.017,0.016,0.016,5350892
AEG,20190218,1.04,1.04,1.035,1.035,83825
CMM,20190218,0.069,0.069,0.066,0.066,692316
PGX,20190218,0.44,0.445,0.435,0.435,94965
DVN,20190218,0.22,0.22,0.22,0.22,4000
EGD,20190218,1.93,1.94,1.93,1.94,52403
PDL,20190218,8.33,8.42,8.22,8.25,601848
LRS,20190218,0.003,0.003,0.002,0.002,8107895
BUL,20190218,0.045,0.045,0.042,0.042,1495231
ICG,20190218,0.005,0.005,0.004,0.004,1129822
MCY,20190218,3.61,3.64,3.6,3.64,2035
EAI,20190218,1.005,1.01,1,1.01,80705
IAG,20190218,7.51,7.52,7.42,7.43,3349168
NXE,20190218,0.029,0.031,0.029,0.03,412134
RFN,20190218,0.005,0.005,0.005,0.005,669888
MEA,20190218,0.265,0.265,0.265,0.265,21926
MYE,20190218,0.86,0.925,0.85,0.92,65378
E2M,20190218,0.145,0.145,0.14,0.14,95342
GPR,20190218,0.014,0.014,0.014,0.014,950000
TMT,20190218,0.275,0.29,0.27,0.28,418474
HSO,20190218,2.47,2.47,2.46,2.47,12736225
XSO,20190218,2726.2,2744.4,2725.7,2731.2,0
RIM,20190218,0.006,0.006,0.006,0.006,2200000
AQD,20190218,0.015,0.015,0.015,0.015,6072
JCS,20190218,0.027,0.029,0.027,0.029,783588
JMS,20190218,0.315,0.315,0.305,0.31,4385758
AYS,20190218,0.97,0.985,0.95,0.95,98294
EVN,20190218,3.79,3.83,3.77,3.79,5094470
NUH,20190218,0.078,0.08,0.078,0.078,749244
ASX,20190218,68.48,68.48,67.43,67.7,467699
JRV,20190218,0.23,0.255,0.23,0.255,225729
NOR,20190218,0.004,0.004,0.003,0.003,19754063
CDX,20190218,0.056,0.061,0.056,0.059,5761378
BWF,20190218,0.82,0.82,0.8,0.815,12480
JIN,20190218,9.97,10.03,9.86,9.91,299302
BGA,20190218,5.1,5.11,5,5.02,498629
MZZ,20190218,0.195,0.2,0.19,0.19,220000
BRN,20190218,0.075,0.076,0.073,0.073,689821
TNK,20190218,1.8,1.82,1.8,1.8,30731
AHF,20190218,0.13,0.135,0.13,0.13,52671
A40,20190218,0.18,0.19,0.18,0.19,249190
IPB,20190218,0.023,0.023,0.023,0.023,47235
LMW,20190218,0.41,0.41,0.375,0.38,250366
MGP,20190218,0.125,0.125,0.125,0.125,140000
GUD,20190218,11.95,11.97,11.69,11.8,347317
APC,20190218,0.084,0.084,0.081,0.083,129962
PSI,20190218,2.64,2.65,2.61,2.63,31531
AMA,20190218,0.895,0.895,0.87,0.885,229087
AYF,20190218,5.8,5.8,5.77,5.77,3500
YOW,20190218,0.07,0.07,0.069,0.069,43200
MDI,20190218,0.004,0.004,0.004,0.004,2400000
PAK,20190218,0.035,0.035,0.035,0.035,2000
INA,20190218,3.12,3.16,3.08,3.12,75094
RNU,20190218,0.019,0.019,0.018,0.018,1109500
FOR,20190218,1.38,1.4,1.365,1.37,56250
BKI,20190218,1.51,1.52,1.495,1.5,438639
JLG,20190218,1.265,1.3,1.25,1.3,219803
GWA,20190218,3.34,3.455,3.335,3.34,1274498
FLN,20190218,0.705,0.705,0.635,0.64,67948
NEW,20190218,1.42,1.42,1.405,1.405,37944
MEC,20190218,0.94,0.94,0.94,0.94,17556
PGF,20190218,1.155,1.155,1.15,1.15,142525
TRY,20190218,0.105,0.105,0.1,0.105,915105
VMT,20190218,0.063,0.063,0.063,0.063,16070
SFY,20190218,55.72,56.2,55.72,55.99,4207
NUS,20190218,0.23,0.23,0.23,0.23,2944
ARV,20190218,0.076,0.076,0.068,0.072,2293345
EXU,20190218,0.165,0.175,0.165,0.175,522886
CLZ,20190218,0.002,0.002,0.001,0.001,4745000
UBW,20190218,26.07,26.07,26.03,26.03,414
CTM,20190218,0.006,0.006,0.006,0.006,100000
BOC,20190218,0.15,0.15,0.14,0.15,19792
RCB,20190218,20.3,20.37,20.3,20.3,1061
XTO,20190218,4989.2,5030.6,4989.2,5010.2,0
IOZ,20190218,25.11,25.11,25.01,25.02,46087
GTK,20190218,4.95,5.01,4.9,4.97,11087
APE,20190218,6.7,6.75,6.56,6.6,13376
SL1,20190218,0.017,0.017,0.017,0.017,130000
RAP,20190218,0.095,0.095,0.092,0.092,301745
ASN,20190218,0.085,0.085,0.081,0.082,783241
TLG,20190218,0.385,0.39,0.375,0.375,131567
FTT,20190218,0.003,0.003,0.003,0.003,330000
AON,20190218,0.13,0.135,0.13,0.135,38782
GNX,20190218,0.27,0.27,0.26,0.27,76607
SDA,20190218,3.26,3.33,3.2,3.33,879964
MNF,20190218,4.59,4.6,4.45,4.45,14809
XAF,20190218,5917.7,5966.9,5917.7,5943.7,0
WMC,20190218,0.018,0.018,0.018,0.018,78618
MTS,20190218,2.57,2.64,2.56,2.64,5867591
CRO,20190218,0.011,0.011,0.011,0.011,284210
EN1,20190218,0.023,0.023,0.022,0.023,2559869
COO,20190218,0.026,0.026,0.026,0.026,39699
GO2,20190218,0.099,0.099,0.099,0.099,13020
CDY,20190218,0.215,0.215,0.21,0.21,16631
EM2,20190218,0.145,0.145,0.14,0.14,81747
CLI,20190218,0.012,0.012,0.012,0.012,536367
PIA,20190218,1.125,1.135,1.12,1.135,107680
RDH,20190218,2.79,2.8,2.79,2.8,9360
SUH,20190218,0.031,0.031,0.031,0.031,11760
GMN,20190218,0.069,0.075,0.064,0.075,948739
IOD,20190218,0.022,0.022,0.022,0.022,100000
IMS,20190218,0.014,0.014,0.013,0.013,257130
AJQ,20190218,0.076,0.076,0.075,0.076,45060
VAN,20190218,0.15,0.155,0.145,0.155,176020
GBR,20190218,0.14,0.15,0.14,0.15,72049
IMF,20190218,3.3,3.33,3.21,3.27,260334
NWL,20190218,7.2,7.505,6.94,7.49,426184
RCE,20190218,0.155,0.155,0.145,0.15,375650
ELT,20190218,0.005,0.005,0.005,0.005,200000
BRB,20190218,0.445,0.47,0.44,0.45,840291
ARB,20190218,16.39,16.48,16.07,16.14,133774
PPC,20190218,1,1.025,0.99,1,5371
MEM,20190218,0.025,0.025,0.025,0.025,14075
AGY,20190218,0.14,0.14,0.135,0.135,348055
CWX,20190218,0.135,0.135,0.135,0.135,58059
MAI,20190218,0.625,0.66,0.625,0.65,17114
EUC,20190218,0.025,0.025,0.025,0.025,214538
SUL,20190218,7.78,8,7.76,7.85,843126
TDL,20190218,0.043,0.043,0.041,0.041,37856
INF,20190218,0.076,0.076,0.076,0.076,15000
CKA,20190218,0.072,0.075,0.072,0.073,3801108
ONX,20190218,0.16,0.16,0.15,0.15,307386
MXI,20190218,0.525,0.535,0.525,0.535,65622
AU1,20190218,0.19,0.19,0.19,0.19,25758
SVH,20190218,0.013,0.013,0.013,0.013,150000
GAL,20190218,0.18,0.22,0.18,0.21,507527
TLM,20190218,0.225,0.225,0.22,0.22,648745
SXE,20190218,0.65,0.65,0.62,0.64,46362
SPZ,20190218,0.115,0.115,0.115,0.115,261864
MGC,20190218,0.305,0.31,0.305,0.305,80980
NHF,20190218,5.88,5.93,5.64,5.68,1269080
SPK,20190218,3.93,3.93,3.895,3.9,958507
MTM,20190218,0.242,0.242,0.242,0.242,2000
WCN,20190218,0.009,0.009,0.009,0.009,2160840
CHC,20190218,8.6,8.69,8.57,8.67,1174261
AMI,20190218,0.87,0.91,0.865,0.89,3270988
CIO,20190218,0.003,0.003,0.003,0.003,1645780
ODA,20190218,0.15,0.15,0.15,0.15,33709
VAS,20190218,77.54,77.75,77.2,77.75,47538
ZNC,20190218,0.07,0.075,0.07,0.075,18000
VGS,20190218,70.53,70.59,70.34,70.41,39989
ENA,20190218,0.032,0.032,0.032,0.032,216787
CAM,20190218,0.837,0.845,0.837,0.845,73056
BDR,20190218,0.062,0.067,0.062,0.065,17662973
XUJ,20190218,7947.9,8014,7947.9,7970,0
DXS,20190218,12.15,12.24,12.04,12.2,2457585
MOC,20190218,0.78,0.785,0.755,0.76,161974
NML,20190218,0.09,0.094,0.087,0.087,2084028
PNV,20190218,0.695,0.695,0.685,0.685,416053
ADO,20190218,0.018,0.019,0.018,0.018,300413
SWF,20190218,0.063,0.063,0.063,0.063,50000
ISX,20190218,0.2,0.205,0.195,0.195,1972579
CZI,20190218,0.086,0.09,0.086,0.09,1623663
VLT,20190218,0.18,0.2,0.17,0.2,273782
QRE,20190218,6.36,6.38,6.36,6.38,20683
VEQ,20190218,52.83,53.16,52.83,52.88,3281
BIT,20190218,0.095,0.096,0.093,0.095,1430155
LYL,20190218,4.99,5,4.91,5,8017
CY5,20190218,0.06,0.06,0.06,0.06,39939
MVF,20190218,0.945,0.95,0.93,0.95,68453
RDF,20190218,0.61,0.62,0.61,0.62,93895
BAT,20190218,0.028,0.03,0.028,0.028,456827
ALL,20190218,25.08,25.26,24.65,24.81,1513726
ELO,20190218,4.75,4.75,4.66,4.74,405283
DTZ,20190218,0.074,0.081,0.071,0.081,98659
RFX,20190218,0.079,0.083,0.077,0.077,455036
CPH,20190218,0.4,0.415,0.385,0.39,1110768
RAN,20190218,0.025,0.025,0.025,0.025,121504
RHP,20190218,1.6,1.74,1.59,1.7,4881051
SEQ,20190218,0.265,0.265,0.265,0.265,31306
HAV,20190218,0.17,0.17,0.165,0.165,97884
PMC,20190218,1.72,1.72,1.665,1.68,168196
SLX,20190218,0.255,0.26,0.245,0.245,197643
DIV,20190218,19.48,19.48,19.42,19.42,1780
AOF,20190218,2.71,2.76,2.71,2.72,23920
AST,20190218,1.74,1.75,1.735,1.74,3487636
OMH,20190218,1.4,1.4,1.385,1.39,42487
DLX,20190218,7.1,7.2,7.07,7.19,989007
OCA,20190218,1.05,1.05,1.05,1.05,50000
CVV,20190218,0.065,0.065,0.061,0.061,133681
SSG,20190218,0.33,0.345,0.33,0.345,120833
AGE,20190218,0.003,0.003,0.003,0.003,2200000
HIG,20190218,0.1,0.105,0.1,0.105,138819
VML,20190218,0.007,0.007,0.007,0.007,1318296
COB,20190218,0.16,0.17,0.145,0.145,728355
THR,20190218,0.021,0.021,0.017,0.017,195944
BTC,20190218,0.145,0.145,0.145,0.145,1060
TNO,20190218,0.11,0.11,0.105,0.105,302826
WBA,20190218,1.6,1.61,1.59,1.6,71833
VEE,20190218,0.49,0.49,0.49,0.49,24000
APW,20190218,1.505,1.505,1.5,1.505,16503
K2F,20190218,0.145,0.145,0.145,0.145,3455
IXJ,20190218,85.2,86.18,85.11,85.3,2048
CAI,20190218,0.027,0.028,0.027,0.027,2953887
QIP,20190218,1.61,1.64,1.61,1.615,30995
MPR,20190218,0.05,0.05,0.045,0.045,86000
GPX,20190218,0.27,0.27,0.24,0.25,157032
9SP,20190218,0.013,0.013,0.013,0.013,76999
LEP,20190218,4.78,4.81,4.76,4.76,8832
BMN,20190218,0.039,0.04,0.039,0.039,1135981
PEX,20190218,0.43,0.435,0.42,0.435,365099
AVH,20190218,0.15,0.15,0.135,0.135,4228378
STO,20190218,6.81,6.855,6.78,6.79,3718177
LOM,20190218,0.21,0.21,0.19,0.19,475315
RGB,20190218,21.89,21.89,21.82,21.82,585
AJL,20190218,0.155,0.185,0.155,0.155,136629
AZJ,20190218,4.69,4.69,4.6,4.63,12537447
MRQ,20190218,0.005,0.005,0.005,0.005,2039076
VKA,20190218,0.012,0.012,0.012,0.012,500000
CLF,20190218,1.26,1.26,1.26,1.26,10149
REX,20190218,1.47,1.47,1.45,1.45,66120
PWH,20190218,3.56,3.64,3.56,3.58,131022
OSH,20190218,8.25,8.32,8.16,8.16,3969127
ADJ,20190218,0.044,0.044,0.044,0.044,794959
KRM,20190218,0.055,0.055,0.054,0.054,85027
VCX,20190218,2.54,2.545,2.51,2.53,13193318
SHH,20190218,0.006,0.006,0.006,0.006,59990
NZM,20190218,0.495,0.505,0.472,0.5,236529
JAY,20190218,0.37,0.37,0.37,0.37,3000
CTX,20190218,28.47,28.57,28.13,28.23,456560
TZN,20190218,0.09,0.095,0.09,0.095,251968
SDI,20190218,0.875,0.88,0.815,0.815,165537
ACW,20190218,0.055,0.055,0.054,0.054,904394
AUI,20190218,8.54,8.6,8.54,8.6,10690
HRR,20190218,0.56,0.6,0.56,0.59,329955
PPE,20190218,2.42,2.42,2.26,2.35,298752
DHG,20190218,2.51,2.58,2.41,2.53,1904049
SWM,20190218,0.56,0.58,0.56,0.565,3545166
EGI,20190218,0.96,0.97,0.95,0.97,66575
OZR,20190218,11.55,11.62,11.55,11.62,1462
MLX,20190218,0.37,0.375,0.365,0.37,3600617
B2Y,20190218,0.095,0.096,0.092,0.092,75777
SI6,20190218,0.004,0.004,0.004,0.004,726437
VAH,20190218,0.195,0.2,0.195,0.2,313726
DEM,20190218,0.15,0.16,0.15,0.16,54817
XAO,20190218,6148.6,6196.9,6148.6,6170.7,0
LKO,20190218,0.001,0.001,0.001,0.001,2253902
PTB,20190218,0.64,0.65,0.63,0.64,61822
SYR,20190218,1.355,1.355,1.322,1.33,1469163
CHN,20190218,0.13,0.135,0.13,0.135,710780
BGL,20190218,0.625,0.635,0.6,0.615,1404116
BID,20190218,1.62,1.625,1.42,1.42,369385
PYC,20190218,0.028,0.028,0.027,0.027,890968
MLD,20190218,1,1.03,0.975,1,393776
CLW,20190218,4.55,4.55,4.5,4.54,405284
VOC,20190218,3.65,3.69,3.61,3.61,1749830
SDG,20190218,1.53,1.53,1.53,1.53,4974
FPH,20190218,13.01,13.07,12.72,12.75,313045
SOL,20190218,29.42,29.66,28.98,29.21,312288
MWR,20190218,3.25,3.33,3.25,3.33,24950
MCR,20190218,0.375,0.375,0.37,0.37,109049
HLS,20190218,2.89,2.94,2.87,2.92,1230463
AGS,20190218,0.1,0.1,0.1,0.1,29662
XKO,20190218,6013.4,6062,6013.4,6037.1,0
CRL,20190218,0.039,0.039,0.039,0.039,110095
CI1,20190218,0.016,0.017,0.016,0.016,200000
OEX,20190218,0.005,0.005,0.005,0.005,108500
TGF,20190218,2.46,2.47,2.44,2.44,38542
GZL,20190218,4.35,4.35,4.35,4.35,954
RED,20190218,0.13,0.132,0.125,0.13,3004330
FGF,20190218,0.008,0.008,0.008,0.008,725232
FBR,20190218,0.13,0.135,0.125,0.13,1964603
LON,20190218,0.28,0.28,0.26,0.265,302463
ESV,20190218,0.145,0.145,0.145,0.145,3001
AVL,20190218,0.023,0.024,0.023,0.023,1848912
VG1,20190218,2.49,2.5,2.48,2.49,135866
CL1,20190218,1.49,1.5,1.49,1.49,108805
BVS,20190218,4.7,4.755,4.45,4.47,3031662
SEC,20190218,1.71,1.72,1.7,1.72,109491
POS,20190218,0.039,0.04,0.039,0.039,585609
IZZ,20190218,59.8,60.32,59.5,59.95,3262
IPH,20190218,5.76,5.87,5.7,5.81,583320
GRR,20190218,0.27,0.275,0.255,0.26,4821105
DGR,20190218,0.12,0.12,0.12,0.12,86266
AWV,20190218,0.012,0.012,0.012,0.012,860956
MLT,20190218,4.4,4.4,4.39,4.4,83031
PGM,20190218,0.07,0.072,0.07,0.07,37291
AQC,20190218,0.59,0.59,0.59,0.59,662
OMN,20190218,0.675,0.7,0.675,0.7,171608
ELK,20190218,0.019,0.02,0.019,0.019,1539067
LPD,20190218,0.023,0.023,0.021,0.022,32347260
ACR,20190218,0.175,0.175,0.175,0.175,2000
GCY,20190218,0.093,0.099,0.092,0.096,2097813
RGP,20190218,0.073,0.074,0.07,0.074,370143
NVT,20190218,5.66,5.67,5.63,5.64,278918
PRU,20190218,0.405,0.435,0.405,0.43,5409789
SLF,20190218,13.6,13.61,13.51,13.58,24161
TNG,20190218,0.105,0.105,0.1,0.105,193905
AQG,20190218,3.59,3.61,3.56,3.59,105014
APZ,20190218,0.955,0.96,0.955,0.96,33591
CMW,20190218,1.09,1.09,1.08,1.09,2183913
OTW,20190218,5,5,4.93,4.94,42220
SLC,20190218,1.54,1.56,1.52,1.56,455254
AQZ,20190218,2.52,2.55,2.51,2.51,148105
CIW,20190218,0.455,0.455,0.455,0.455,1785
ARL,20190218,0.47,0.47,0.45,0.47,161993
FRM,20190218,0.765,0.765,0.76,0.76,13170
ADA,20190218,0.74,0.78,0.74,0.775,111219
ELD,20190218,5.92,6.03,5.84,5.99,369607
E2E,20190218,0.006,0.006,0.006,0.006,1342419
FCT,20190218,0.255,0.255,0.25,0.255,49936
S66,20190218,0.625,0.625,0.605,0.605,8497
PTR,20190218,0.038,0.038,0.038,0.038,30000
AIS,20190218,0.21,0.21,0.195,0.195,280470
APA,20190218,9.25,9.35,9.21,9.28,1068000
CNU,20190218,5.05,5.06,5,5.06,195051
AU8,20190218,0.205,0.215,0.2,0.2,126069
VMS,20190218,0.019,0.025,0.019,0.024,1442613
BAF,20190218,0.855,0.855,0.85,0.855,73014
TYM,20190218,0.37,0.39,0.37,0.39,372787
LEX,20190218,0.19,0.19,0.19,0.19,80000
TTI,20190218,0.03,0.03,0.029,0.029,736849
NAG,20190218,0.065,0.067,0.065,0.067,72388
BGH,20190218,0.07,0.07,0.07,0.07,64771
DCN,20190218,2.74,2.79,2.72,2.73,503486
EZL,20190218,1.18,1.18,1.175,1.18,36248
ICQ,20190218,0.115,0.12,0.115,0.115,817515
GXY,20190218,2.04,2.08,2,2.01,2468067
EMP,20190218,0.003,0.003,0.003,0.003,108180
ASL,20190218,1.625,1.66,1.6,1.61,4619546
ABV,20190218,0.019,0.019,0.018,0.018,147001
VTH,20190218,0.915,0.925,0.915,0.92,50000
RSH,20190218,0.086,0.087,0.086,0.087,80582
MPL,20190218,2.88,2.89,2.83,2.85,7814689
ATC,20190218,0.12,0.125,0.12,0.125,437376
RDC,20190218,1.025,1.035,1.022,1.025,1586881
AZV,20190218,0.062,0.062,0.056,0.056,71891
AD8,20190218,4.24,4.4,4.24,4.35,179152
PL8,20190218,1,1.015,0.995,0.995,445380
CML,20190218,0.018,0.018,0.018,0.018,236174
BPP,20190218,0.019,0.02,0.019,0.02,262135
EXL,20190218,3.56,3.69,3.53,3.65,641937
CSR,20190218,3.23,3.31,3.23,3.26,2947752
TGA,20190218,0.46,0.48,0.46,0.48,62927
NBI,20190218,2.07,2.07,2.05,2.05,322980
BPT,20190218,1.945,1.96,1.895,1.945,21334530
GWR,20190218,0.105,0.105,0.1,0.1,89639
FNP,20190218,5.18,5.2,5.06,5.17,191848
MVB,20190218,25.65,25.72,25.5,25.53,11353
ERF,20190218,1.22,1.23,1.22,1.23,39137
NDQ,20190218,17.16,17.16,17.08,17.11,73772
FGR,20190218,0.14,0.14,0.135,0.14,1016490
EXO,20190218,0.003,0.003,0.003,0.003,700000
TCL,20190218,12.29,12.29,12.145,12.18,3396976
BRU,20190218,0.235,0.235,0.225,0.235,98321
IMD,20190218,1.245,1.29,1.175,1.18,992752
ANO,20190218,2.23,2.28,2.22,2.28,63910
FLT,20190218,43.29,43.65,42.51,42.55,282774
TIE,20190218,0.093,0.097,0.093,0.097,160086
EHL,20190218,2.8,2.85,2.73,2.81,452253
IMC,20190218,0.275,0.275,0.27,0.27,65269
ARG,20190218,7.75,7.77,7.65,7.67,198071
EMV,20190218,0.455,0.475,0.45,0.465,88595
CUV,20190218,23.12,24.6,23.12,23.8,178523
MCM,20190218,1.07,1.07,1.01,1.01,5968
CXZ,20190218,0.01,0.01,0.01,0.01,105309
STM,20190218,0.032,0.032,0.03,0.03,355000
ENT,20190218,0.007,0.007,0.007,0.007,14416
BSR,20190218,0.018,0.018,0.018,0.018,386666
RYD,20190218,1.25,1.25,1.25,1.25,10000
BDC,20190218,0.046,0.046,0.046,0.046,449877
HUB,20190218,12.97,12.97,12.61,12.87,88187
NVX,20190218,0.38,0.39,0.38,0.39,38320
IRI,20190218,2.56,2.56,2.4,2.42,383895
AHX,20190218,0.47,0.47,0.47,0.47,2512
DUI,20190218,4.19,4.2,4.17,4.17,30191
PPK,20190218,0.77,0.8,0.745,0.75,126894
PTX,20190218,0.072,0.072,0.071,0.071,199569
HOR,20190218,0.007,0.007,0.007,0.007,200000
OGX,20190218,0.006,0.006,0.005,0.005,5305550
FDM,20190218,0.115,0.115,0.11,0.11,482704
TYX,20190218,0.007,0.007,0.007,0.007,634087
IGL,20190218,2.27,2.28,2.25,2.28,126825
MMR,20190218,0.009,0.009,0.009,0.009,89000
LSX,20190218,0.375,0.375,0.375,0.375,7985
EQE,20190218,0.014,0.016,0.014,0.016,265548
ACQ,20190218,1.08,1.08,1.075,1.075,6190
UBU,20190218,28.69,28.69,28.69,28.69,35
N27,20190218,0.052,0.052,0.05,0.051,240037
TBR,20190218,3.95,3.95,3.88,3.95,2990
IDT,20190218,0.155,0.165,0.15,0.165,222690
MNC,20190218,0.002,0.002,0.002,0.002,690200
TPP,20190218,0.12,0.12,0.12,0.12,16542
SMX,20190218,0.26,0.26,0.26,0.26,843
WAF,20190218,0.25,0.255,0.245,0.25,2614807
MBK,20190218,0.012,0.013,0.012,0.013,524488
UCM,20190218,0.13,0.13,0.13,0.13,366
CLQ,20190218,0.34,0.35,0.31,0.315,1846114
IMU,20190218,0.017,0.018,0.017,0.017,14242296
NTM,20190218,0.037,0.037,0.037,0.037,30555
BOL,20190218,0.18,0.18,0.18,0.18,52339
VRX,20190218,0.105,0.105,0.105,0.105,30000
PPS,20190218,0.64,0.645,0.632,0.645,928540
QHL,20190218,0.068,0.068,0.067,0.068,284682
AHZ,20190218,0.036,0.036,0.034,0.034,164158
BAS,20190218,0.003,0.003,0.003,0.003,40000
NWC,20190218,0.012,0.012,0.01,0.01,482428
HLX,20190218,0.023,0.023,0.023,0.023,450000
CWY,20190218,2.15,2.16,2.12,2.13,7690036
DVL,20190218,0.044,0.044,0.044,0.044,28074
WBE,20190218,0.004,0.004,0.004,0.004,2169900
GDX,20190218,31.39,31.53,31.35,31.49,11121
GTG,20190218,0.008,0.008,0.007,0.008,4804167
ARA,20190218,0.655,0.655,0.655,0.655,1484
RRL,20190218,5.47,5.57,5.46,5.54,2654275
EUR,20190218,0.093,0.094,0.092,0.092,740939
SUD,20190218,0.006,0.006,0.005,0.005,255000
CAR,20190218,12.18,12.31,11.9,12.2,1725183
WKT,20190218,0.1,0.1,0.1,0.1,40000
WEL,20190218,0.021,0.021,0.021,0.021,73002
ATS,20190218,0.355,0.4,0.355,0.38,880262
HLA,20190218,1.025,1.025,1.02,1.02,30000
PAI,20190218,1.075,1.08,1.062,1.08,422035
GGG,20190218,0.062,0.062,0.057,0.06,4305495
PUA,20190218,0.04,0.04,0.037,0.037,130460
GNC,20190218,9.51,9.63,9.4,9.56,1630571
KWR,20190218,0.165,0.17,0.165,0.17,5000
PO3,20190218,3.85,3.85,3.6,3.6,7662
CRB,20190218,0.024,0.024,0.024,0.024,454037
TEG,20190218,0.125,0.125,0.115,0.125,699171
CCV,20190218,0.24,0.24,0.23,0.23,142498
CAG,20190218,1.43,1.49,1.37,1.49,42505
BDA,20190218,0.45,0.45,0.435,0.435,51191
ANL,20190218,0.003,0.003,0.003,0.003,2000914
AGM,20190218,1.74,1.74,1.74,1.74,24744
ICN,20190218,0.018,0.018,0.018,0.018,706400
QAG,20190218,5.98,5.98,5.98,5.98,1254
PIN,20190218,0.175,0.175,0.175,0.175,20000
VTG,20190218,1.4,1.425,1.32,1.32,681861
IRD,20190218,0.065,0.068,0.065,0.067,62730
ORG,20190218,7.62,7.69,7.6,7.67,4809139
QRI,20190218,1.705,1.705,1.68,1.68,197775
TPM,20190218,6.69,6.87,6.58,6.84,2291030
MIL,20190218,0.26,0.26,0.25,0.25,54445
HZR,20190218,0.23,0.245,0.23,0.235,92253
OGA,20190218,0.15,0.15,0.15,0.15,54000
MGL,20190218,0.027,0.027,0.027,0.027,50000
VGE,20190218,64.2,64.5,64,64.13,18845
NBL,20190218,2.9,2.9,2.9,2.9,14702
WBC,20190218,26.3,26.48,26.18,26.28,4448409
OPT,20190218,0.75,0.75,0.69,0.695,87283
EGF,20190218,1.56,1.56,1.55,1.55,32154
FEL,20190218,0.02,0.02,0.019,0.02,77631
DDD,20190218,0.003,0.003,0.003,0.003,4000000
D2O,20190218,1.45,1.46,1.43,1.455,133550
ADT,20190218,0.81,0.81,0.78,0.78,79916
PAA,20190218,0.042,0.042,0.036,0.039,3097676
TGG,20190218,1.3,1.3,1.285,1.29,360918
CDV,20190218,0.4,0.4,0.4,0.4,788
KPT,20190218,2.07,2.07,2,2,47085
FBU,20190218,5.08,5.13,5.02,5.03,392311
BBX,20190218,0.175,0.175,0.175,0.175,50000
SCP,20190218,2.5,2.52,2.48,2.51,3327653
FSG,20190218,0.023,0.023,0.023,0.023,60359
SPX,20190218,0.005,0.005,0.005,0.005,249689
AAU,20190218,0.008,0.008,0.008,0.008,400000
VLC,20190218,62.37,62.49,62.37,62.49,1735
NCZ,20190218,0.84,0.85,0.825,0.835,1567431
ATU,20190218,0.165,0.165,0.16,0.16,720165
CAY,20190218,0.215,0.225,0.215,0.22,954594
ORR,20190218,0.235,0.235,0.235,0.235,6558
DMP,20190218,45.96,46.53,45.56,46.05,266404
PIL,20190218,0.016,0.016,0.013,0.014,1283892
BFG,20190218,0.85,0.87,0.84,0.84,152078
XFL,20190218,5964,6014.8,5964,5991.4,0
TSN,20190218,0.007,0.008,0.007,0.008,1020100
LNG,20190218,0.495,0.52,0.48,0.48,1784896
ESH,20190218,0.016,0.017,0.016,0.017,1760132
FFG,20190218,0.013,0.013,0.013,0.013,297892
RNT,20190218,0.046,0.046,0.046,0.046,13722
AL8,20190218,0.094,0.094,0.093,0.093,10000
UTR,20190218,0.006,0.006,0.005,0.006,4913634
IFT,20190218,3.82,3.82,3.8,3.8,131
MTH,20190218,0.006,0.007,0.006,0.006,9131395
EQT,20190218,23.87,23.9,23.6,23.6,5312
PAB,20190218,0.024,0.024,0.023,0.023,1406295
AZS,20190218,0.15,0.15,0.145,0.145,22616
LTR,20190218,0.022,0.022,0.022,0.022,342145
PPT,20190218,35.74,35.88,35.44,35.54,95431
SXL,20190218,1.145,1.145,1.12,1.14,751223
ERL,20190218,0.01,0.01,0.01,0.01,23000
IHR,20190218,0.11,0.11,0.11,0.11,70000
NAB,20190218,24.38,24.42,24.12,24.22,4675798
MMM,20190218,0.5,0.5,0.49,0.49,146615
WMK,20190218,0.84,0.84,0.835,0.835,373311
BEN,20190218,9.94,10.005,9.81,9.81,2765500
HIT,20190218,1.05,1.05,1.05,1.05,5070
XEC,20190218,1280.3,1295.4,1280.3,1284.4,0
UNL,20190218,0.02,0.02,0.02,0.02,110535
BOQ,20190218,9.65,9.65,9.21,9.32,4915048
SVW,20190218,17.47,17.47,16.935,17.08,733217
KMT,20190218,0.013,0.013,0.013,0.013,191544
DSE,20190218,0.031,0.032,0.03,0.032,539380
HWK,20190218,0.017,0.017,0.017,0.017,303462
INV,20190218,0.125,0.125,0.125,0.125,37100
AQI,20190218,0.03,0.03,0.03,0.03,64013
CDT,20190218,0.007,0.007,0.007,0.007,95000
FMG,20190218,6.35,6.445,6.33,6.37,12243596
BNO,20190218,0.165,0.21,0.155,0.185,16758073
LIT,20190218,0.083,0.083,0.08,0.083,420912
CE1,20190218,0.051,0.051,0.048,0.049,1879917
LIC,20190218,5.17,5.22,5.1,5.2,22713
ADH,20190218,1.935,1.96,1.935,1.955,116407
AMN,20190218,0.6,0.6,0.6,0.6,2500
FHS,20190218,0.014,0.015,0.013,0.015,2858288
NCC,20190218,1.08,1.085,1.08,1.085,18475
PAF,20190218,1.08,1.08,1.08,1.08,28800
ESE,20190218,0.025,0.025,0.023,0.023,3468629
AAC,20190218,0.93,0.935,0.915,0.92,2102858
AX1,20190218,1.38,1.4,1.36,1.36,870085
SXY,20190218,0.37,0.375,0.36,0.365,6808637
GEV,20190218,0.165,0.17,0.16,0.16,200197
HHY,20190218,0.052,0.052,0.052,0.052,6310
SFC,20190218,14.49,14.55,14.49,14.49,1924
BCC,20190218,0.14,0.14,0.14,0.14,92131
GNG,20190218,1.16,1.16,1.16,1.16,31473
KZA,20190218,0.46,0.46,0.46,0.46,8256
AUR,20190218,0.04,0.04,0.04,0.04,20506
XTJ,20190218,1133.4,1145.2,1133,1144.7,0
HMD,20190218,0.22,0.22,0.22,0.22,36000
VAP,20190218,85.89,86,85.01,85.7,16531
ALY,20190218,0.011,0.011,0.011,0.011,443000
REH,20190218,10.61,10.65,10.26,10.4,117760
RCT,20190218,3.06,3.07,3.03,3.07,20000
RTR,20190218,0.05,0.05,0.047,0.05,588807
EWC,20190218,0.11,0.115,0.11,0.11,1018712
XF1,20190218,0.49,0.49,0.49,0.49,2150
OSP,20190218,0.105,0.11,0.105,0.105,111156
ORA,20190218,3.27,3.28,3.08,3.12,8972392
A4N,20190218,0.1,0.12,0.1,0.12,139537
ALF,20190218,0.95,0.95,0.935,0.935,137285
AOP,20190218,0.23,0.23,0.22,0.225,188762
TRL,20190218,0.003,0.003,0.003,0.003,550000
FGG,20190218,1.375,1.375,1.36,1.37,68363
PCG,20190218,2.3,2.3,2.29,2.3,26261
BLK,20190218,0.031,0.032,0.029,0.029,6784193
MZN,20190218,0.005,0.005,0.005,0.005,5489509
KSL,20190218,1.05,1.1,1.05,1.05,114325
VRL,20190218,3.23,3.35,3.23,3.34,136451
GIB,20190218,0.059,0.06,0.059,0.06,103650
HLO,20190218,6.18,6.19,5.6,5.76,48404
DTS,20190218,0.17,0.175,0.17,0.17,251620
PKO,20190218,0.015,0.015,0.015,0.015,160022
UNV,20190218,0.345,0.35,0.34,0.34,532495
SHM,20190218,0.55,0.575,0.55,0.57,156514
HRL,20190218,0.095,0.095,0.093,0.095,274827
DYL,20190218,0.505,0.51,0.49,0.505,104140
XNJ,20190218,6105.9,6109.2,6044.9,6061.2,0
VVR,20190218,2.45,2.45,2.39,2.4,1253551
VEU,20190218,68.98,69.18,68.86,68.95,12749
RMI,20190218,0.008,0.008,0.008,0.008,1485
FPP,20190218,0.94,0.95,0.94,0.945,8615
GAS,20190218,0.93,0.97,0.9,0.97,43092
ZLD,20190218,0.059,0.06,0.057,0.059,500129
CAF,20190218,0.115,0.115,0.115,0.115,33495
VRS,20190218,0.078,0.078,0.074,0.074,933823
OEL,20190218,0.066,0.067,0.064,0.066,2597185
PNX,20190218,0.006,0.006,0.006,0.006,333000
IJR,20190218,112.32,113,111.45,112.01,1781
CVF,20190218,1.015,1.015,1.01,1.01,35064
CCX,20190218,1.44,1.44,1.355,1.39,49163
BOT,20190218,0.096,0.099,0.096,0.098,450064
NC6,20190218,0.081,0.081,0.08,0.08,28763
SLK,20190218,4.01,4.05,3.98,4.05,10000
PPH,20190218,3.15,3.18,3.12,3.15,54827
AKG,20190218,0.465,0.465,0.465,0.465,2000
IJH,20190218,268.24,268.74,267.6,268.11,1630
JHX,20190218,17.69,17.81,17.59,17.72,1842349
PAR,20190218,1.15,1.16,1.13,1.14,152335
VAE,20190218,63.82,63.95,63.5,63.76,5240
SRS,20190218,0.066,0.067,0.066,0.066,1800438
DOW,20190218,7.44,7.44,7.29,7.33,1218937
SKT,20190218,1.75,1.75,1.672,1.71,242005
ASP,20190218,0.009,0.009,0.009,0.009,4555
WTC,20190218,22.74,23.14,22.57,22.64,507899
MMI,20190218,0.15,0.15,0.145,0.145,395003
KTA,20190218,0.025,0.025,0.025,0.025,257000
CIN,20190218,31.64,31.65,31.6,31.6,2650
YAL,20190218,3.14,3.14,3.14,3.14,24
TBH,20190218,0.038,0.038,0.036,0.036,185284
MCA,20190218,0.175,0.175,0.17,0.17,64865
CBA,20190218,71.47,71.48,70.66,70.97,2057522
ILB,20190218,120.63,120.63,119.88,119.88,792
CG1,20190218,0.37,0.37,0.36,0.36,105000
PLS,20190218,0.67,0.672,0.66,0.67,2578787
BSM,20190218,0.014,0.014,0.013,0.014,3270790
MA1,20190218,0.805,0.805,0.79,0.79,78229
CDD,20190218,0.93,0.945,0.925,0.94,36863
QUB,20190218,2.82,2.84,2.81,2.83,2595056
MAM,20190218,0.45,0.45,0.43,0.43,145256
AMG,20190218,0.064,0.064,0.061,0.061,350212
BC8,20190218,0.19,0.195,0.175,0.175,311845
MQG,20190218,125.15,125.5,124.11,124.8,753300
AGI,20190218,0.81,0.825,0.81,0.825,51762
BWX,20190218,1.53,1.58,1.53,1.56,318892
SAR,20190218,3.22,3.34,3.2,3.22,4798475
ALQ,20190218,7.8,7.87,7.78,7.8,879790
SBB,20190218,0.012,0.015,0.012,0.014,1375000
KMD,20190218,2.22,2.34,2.22,2.34,74912
SMR,20190218,1.095,1.13,1.095,1.115,279087
CTD,20190218,24.68,25.1,24.2,25.05,479429
GOR,20190218,0.805,0.83,0.8,0.82,1710910
PPG,20190218,0.195,0.195,0.185,0.185,736476
JHG,20190218,33.44,33.44,33.01,33.36,280308
BLG,20190218,0.255,0.255,0.245,0.245,88738
SGH,20190218,2.3,2.35,2.3,2.32,2821
BSE,20190218,0.275,0.28,0.275,0.275,910928
HE8,20190218,0.125,0.13,0.125,0.13,310099
CYC,20190218,1.05,1.05,1.05,1.05,49
RDV,20190218,28.05,28.09,27.98,27.98,5132
ENN,20190218,1.65,1.65,1.63,1.63,31986
MAQ,20190218,19.55,20,19.55,20,2629
SGF,20190218,2.68,2.73,2.585,2.62,474298
ORE,20190218,3.09,3.12,3.04,3.07,1206487
PIO,20190218,0.016,0.017,0.016,0.016,462787
NIC,20190218,0.395,0.42,0.385,0.41,2340666
CGA,20190218,0.35,0.35,0.35,0.35,22484
SNZ,20190218,6.04,6.04,6.04,6.04,215
TZL,20190218,0.255,0.255,0.255,0.255,686
RIO,20190218,92.21,93.5,92.12,92.6,1526067
VMY,20190218,0.06,0.064,0.06,0.064,2295523
AXP,20190218,0.04,0.04,0.033,0.033,1467406
LOV,20190218,8.5,8.5,7.88,8,1126500
IKW,20190218,0.001,0.001,0.001,0.001,125000
S3R,20190218,0.003,0.003,0.003,0.003,1200000
5GN,20190218,0.62,0.62,0.58,0.58,49946
DHR,20190218,0.004,0.004,0.004,0.004,70000
CHK,20190218,0.013,0.013,0.012,0.012,1090831
LNY,20190218,0.006,0.006,0.005,0.006,4959309
FPL,20190218,0.007,0.007,0.007,0.007,592600
SPL,20190218,1.09,1.092,1.07,1.08,175924
RLE,20190218,0.098,0.1,0.097,0.1,718071
KII,20190218,2.44,2.44,2.44,2.44,3900
FE8,20190218,0.016,0.016,0.013,0.013,152950
HUO,20190218,4.98,5.03,4.93,4.98,31885
EAR,20190218,0.255,0.265,0.23,0.23,11574747
AMC,20190218,14.72,14.79,14.69,14.74,1741200
IFM,20190218,1.41,1.44,1.4,1.425,389010
TIA,20190218,0.56,0.56,0.56,0.56,300
UWL,20190218,0.195,0.2,0.185,0.19,299577
AEE,20190218,0.015,0.016,0.015,0.015,4069479
EGG,20190218,1.45,1.45,1.405,1.42,40678
CZN,20190218,0.005,0.005,0.005,0.005,764600
EFE,20190218,0.004,0.005,0.004,0.005,161869
ASH,20190218,0.27,0.27,0.26,0.27,72500
ALC,20190218,0.041,0.041,0.04,0.04,20000
NES,20190218,0.13,0.13,0.12,0.12,3401
SYD,20190218,6.96,6.97,6.9,6.91,3023703
YRL,20190218,0.22,0.22,0.22,0.22,19950
RSG,20190218,1.085,1.11,1.075,1.09,6162605
XJR,20190218,4642.7,4724.7,4642.7,4705.3,0
VAF,20190218,49.96,49.96,49.9,49.91,31760
CA8,20190218,0.1,0.1,0.1,0.1,40000
AOU,20190218,0.066,0.066,0.066,0.066,60606
CGS,20190218,0.45,0.47,0.45,0.45,51437
NAC,20190218,0.89,0.895,0.875,0.895,338047
RNE,20190218,0.085,0.09,0.085,0.09,94211
VSO,20190218,55.55,55.78,55.43,55.43,3426
MYX,20190218,0.84,0.85,0.82,0.825,4854242
DEG,20190218,0.11,0.11,0.105,0.105,477770
CUE,20190218,0.065,0.067,0.064,0.065,289364
ASB,20190218,2.28,2.31,2.275,2.31,2084714
OCC,20190218,0.15,0.15,0.13,0.135,330262
EVE,20190218,0.005,0.005,0.005,0.005,1087560
SRZ,20190218,0.013,0.013,0.013,0.013,1084
CVL,20190218,0.47,0.47,0.47,0.47,20000
LAA,20190218,0.14,0.14,0.135,0.135,333897
XTE,20190218,0.4,0.4,0.385,0.385,108141
GFL,20190218,2,2,1.94,1.94,1859
MZI,20190218,0.015,0.015,0.012,0.012,145000
GCI,20190218,2.05,2.05,2.05,2.05,28715
DXB,20190218,0.085,0.085,0.085,0.085,9729
ONE,20190218,0.485,0.485,0.485,0.485,100
API,20190218,1.39,1.392,1.36,1.37,465394
SFG,20190218,0.115,0.115,0.115,0.115,207925
WIC,20190218,1.08,1.08,1.08,1.08,47457
NTU,20190218,0.047,0.049,0.045,0.045,2865216
YPB,20190218,0.013,0.013,0.012,0.012,660367
BXB,20190218,11.2,11.265,10.835,11.07,5021047
URW,20190218,11.42,11.48,11.41,11.46,1065293
WMI,20190218,1.26,1.27,1.24,1.26,120768
RXH,20190218,0.004,0.004,0.004,0.004,53369
NGE,20190218,0.72,0.72,0.72,0.72,5383
WSA,20190218,2.43,2.56,2.43,2.51,2155014
NCM,20190218,25,25.25,25,25.07,1870670
OOK,20190218,0.021,0.023,0.021,0.021,2106501
BYI,20190218,0.885,0.885,0.86,0.86,6000
CNJ,20190218,0.019,0.019,0.019,0.019,30000
KLA,20190218,48.5,48.99,47.8,47.9,2948
RRS,20190218,0.001,0.001,0.001,0.001,500000
FGO,20190218,0.015,0.015,0.014,0.014,224279
WLE,20190218,1.13,1.135,1.125,1.13,614478
MFD,20190218,1.02,1.025,1.02,1.02,134560
TWD,20190218,3.61,3.61,3.61,3.61,4800
REG,20190218,3.3,3.39,3.27,3.33,253986
MTC,20190218,0.032,0.032,0.025,0.025,321183
CM8,20190218,0.03,0.031,0.03,0.031,46032
COG,20190218,0.1,0.1,0.1,0.1,41666
CRR,20190218,2.91,2.94,2.9,2.94,90590
AGG,20190218,3.82,3.82,3.82,3.82,1581
OLI,20190218,0.031,0.032,0.031,0.031,266905
IRC,20190218,0.13,0.135,0.13,0.135,292029
QGL,20190218,0.002,0.002,0.002,0.002,328349
AYK,20190218,19.31,19.31,19.3,19.3,352
PEA,20190218,0.64,0.64,0.625,0.625,180004
AKM,20190218,0.019,0.019,0.019,0.019,268343
OVT,20190218,0.18,0.18,0.165,0.17,311479
MYR,20190218,0.37,0.38,0.365,0.365,1582118
CLA,20190218,0.052,0.053,0.051,0.053,1470386
ERA,20190218,0.33,0.335,0.315,0.33,170524
MNW,20190218,0.025,0.025,0.025,0.025,60000
QAU,20190218,13.5,13.54,13.45,13.52,23228
FML,20190218,0.295,0.295,0.29,0.295,29342
SOM,20190218,1.63,1.63,1.625,1.63,38794
CAN,20190218,1.89,1.9,1.82,1.85,287898
CUL,20190218,0.015,0.015,0.013,0.013,1399252
88E,20190218,0.019,0.019,0.018,0.019,9178772
LCM,20190218,0.17,0.17,0.17,0.17,8949
AJM,20190218,0.135,0.14,0.13,0.135,3030996
SBR,20190218,0.005,0.005,0.005,0.005,36
PMY,20190218,0.005,0.005,0.005,0.005,120000
CL8,20190218,0.012,0.012,0.012,0.012,170976
PIQ,20190218,0.39,0.39,0.375,0.375,43909
GBZ,20190218,0.004,0.004,0.004,0.004,166667
MEZ,20190218,3.63,3.63,3.59,3.63,24621
ISU,20190218,0.8,0.805,0.755,0.79,152377
IOT,20190218,0.001,0.001,0.001,0.001,70000
WZR,20190218,0.063,0.066,0.059,0.06,2575817
PAN,20190218,0.45,0.455,0.44,0.44,291003
LSR,20190218,0.009,0.01,0.009,0.01,374923
CGF,20190218,7.48,7.51,7.34,7.36,1834498
VRC,20190218,0.023,0.024,0.023,0.023,1270826
DTM,20190218,0.005,0.005,0.005,0.005,100000
FXL,20190218,1.11,1.115,1.085,1.1,418883
AHG,20190218,1.635,1.78,1.635,1.775,1763317
PSQ,20190218,1.4,1.4,1.38,1.38,5807
ALX,20190218,7,7,6.88,6.98,651412
IVE,20190218,89.34,89.64,88.95,89,4503
KTD,20190218,0.4,0.41,0.395,0.4,165824
POW,20190218,0.014,0.014,0.013,0.013,1411291
ABP,20190218,3.68,3.68,3.5,3.62,1342980
MIR,20190218,2.52,2.53,2.51,2.53,39651
MRP,20190218,0.065,0.065,0.064,0.065,30421
MX1,20190218,0.23,0.23,0.23,0.23,125000
HAW,20190218,0.074,0.074,0.073,0.073,38500
TNE,20190218,7.37,7.4,7.33,7.38,550604
EGA,20190218,0.25,0.26,0.25,0.255,102196
HZN,20190218,0.115,0.115,0.11,0.11,840998
SMN,20190218,0.955,0.955,0.925,0.925,115507
A2B,20190218,2.07,2.1,2.06,2.07,9344
TSL,20190218,0.015,0.015,0.015,0.015,726919
SRI,20190218,0.008,0.008,0.008,0.008,2269596
APD,20190218,0.45,0.45,0.44,0.45,213809
LVE,20190218,0.14,0.14,0.13,0.13,12381
CAJ,20190218,0.255,0.26,0.255,0.255,675156
CLV,20190218,1.6,1.6,1.585,1.6,69945
SE1,20190218,0.11,0.11,0.105,0.11,232554
PTM,20190218,5,5.05,4.89,4.89,1015646
TTT,20190218,2.12,2.12,2.07,2.07,52868
EX1,20190218,0.55,0.55,0.52,0.52,35405
BGT,20190218,0.11,0.11,0.095,0.1,258550
MOE,20190218,4.75,4.88,4.71,4.71,30281
TWE,20190218,16.09,16.23,15.46,15.5,5658167
EPD,20190218,0.47,0.47,0.43,0.45,134484
TNR,20190218,0.025,0.025,0.025,0.025,240000
WSI,20190218,0.023,0.023,0.023,0.023,559860
DNK,20190218,0.735,0.75,0.725,0.73,15756
CEN,20190218,6.17,6.17,5.96,5.96,1933
KSC,20190218,1.48,1.48,1.455,1.455,4278
FDV,20190218,0.5,0.505,0.49,0.5,71980
MPW,20190218,0.09,0.093,0.087,0.087,1333128
SHO,20190218,0.08,0.08,0.07,0.07,462565
SUN,20190218,13.2,13.23,12.99,13.07,2114163
A3D,20190218,0.485,0.505,0.425,0.44,1173620
EEG,20190218,0.019,0.019,0.019,0.019,2209103
XJO,20190218,6066.1,6115.7,6066.1,6089.8,0
FID,20190218,5.1,5.18,5.01,5.18,18881
SMP,20190218,0.19,0.19,0.185,0.185,10286
CYQ,20190218,0.004,0.004,0.004,0.004,475722
SKF,20190218,0.15,0.15,0.145,0.145,72359
ID8,20190218,0.61,0.65,0.61,0.65,2998
MMS,20190218,15.75,15.93,15.23,15.23,414815
KP2,20190218,0.059,0.059,0.059,0.059,20000
FEX,20190218,0.058,0.067,0.058,0.065,27197554
XPJ,20190218,1500.7,1512.5,1494.8,1509.1,0
NWE,20190218,0.003,0.003,0.003,0.003,66682
XEJ,20190218,11388.4,11615.3,11388.4,11566.9,0
SGM,20190218,11.39,11.41,11.12,11.15,692881
RXL,20190218,0.008,0.008,0.008,0.008,371464
ABT,20190218,0.155,0.17,0.15,0.17,24446
EOS,20190218,2.74,2.75,2.66,2.75,118944
CIM,20190218,50,50.07,49.3,49.35,230758
SKC,20190218,3.71,3.72,3.66,3.68,240146
FLC,20190218,0.33,0.34,0.33,0.335,119060
MLS,20190218,0.003,0.003,0.003,0.003,610000
POH,20190218,0.004,0.004,0.003,0.003,1477500
OZF,20190218,18.52,18.52,18.52,18.52,13
CVW,20190218,0.855,0.87,0.855,0.87,5000
ENR,20190218,0.059,0.059,0.059,0.059,32634
PSA,20190218,0.11,0.11,0.097,0.11,324466
MVW,20190218,28.1,28.23,28.1,28.14,38502
AJX,20190218,0.115,0.12,0.115,0.115,127966
ARM,20190218,0.017,0.017,0.017,0.017,15563
PEK,20190218,0.026,0.026,0.026,0.026,23565
USD,20190218,13.72,13.72,13.68,13.69,37863
EPW,20190218,1.62,1.62,1.57,1.57,127378
NEA,20190218,2.43,2.43,2.37,2.38,906427
MAY,20190218,0.017,0.017,0.016,0.016,853482
RIC,20190218,1.37,1.41,1.37,1.41,60255
MXC,20190218,0.04,0.042,0.04,0.04,1151757
XRO,20190218,48.99,49,48.07,48.67,298546
FOD,20190218,0.13,0.13,0.12,0.12,905103
STN,20190218,0.2,0.2,0.2,0.2,43150
STG,20190218,1.39,1.39,1.35,1.35,70142
FRN,20190218,0.015,0.015,0.015,0.015,4550
MDR,20190218,0.036,0.037,0.036,0.037,75502
BKW,20190218,18.11,18.32,18.1,18.27,120909
AUT,20190218,0.008,0.008,0.008,0.008,6280091
OEC,20190218,0.38,0.38,0.38,0.38,300
AWN,20190218,0.19,0.19,0.19,0.19,28350
IBC,20190218,0.49,0.49,0.49,0.49,2940
DMG,20190218,0.018,0.018,0.01,0.018,17264
NEC,20190218,1.51,1.512,1.49,1.5,10504951
IRE,20190218,12.6,12.72,12.54,12.63,224673
SHJ,20190218,0.65,0.67,0.645,0.665,110438
VEA,20190218,2.34,2.34,2.27,2.29,4363278
BKY,20190218,0.46,0.46,0.45,0.45,68127
BHP,20190218,36.85,37.12,36.85,37,4282394
EHE,20190218,2.45,2.54,2.45,2.49,1170231
BIS,20190218,1.1,1.105,1.1,1.105,2677
IAA,20190218,84.04,84.76,83.67,84.17,9684
XST,20190218,0.003,0.003,0.003,0.003,6249167
AWC,20190218,2.65,2.69,2.635,2.66,13026738
PBT,20190218,0.04,0.042,0.04,0.04,151035
RVS,20190218,1.72,1.72,1.715,1.715,57500
BRG,20190218,14.5,14.95,14.31,14.37,310810
RZI,20190218,0.5,0.505,0.5,0.5,92746
VN8,20190218,0.105,0.105,0.1,0.1,53031
RMP,20190218,0.079,0.079,0.076,0.076,2708423
MCE,20190218,0.36,0.36,0.35,0.35,189383
URB,20190218,0.92,0.92,0.915,0.92,44103
GLH,20190218,0.165,0.17,0.165,0.17,33173
VXR,20190218,0.245,0.25,0.245,0.245,357002
EVZ,20190218,0.27,0.27,0.265,0.27,15680
ARQ,20190218,1.72,1.73,1.71,1.72,149258
AUH,20190218,0.004,0.004,0.003,0.003,1200000
M7T,20190218,0.2,0.205,0.195,0.2,597195
SND,20190218,0.355,0.36,0.355,0.355,10802
IHL,20190218,0.019,0.019,0.018,0.018,1226738
MGE,20190218,3.42,3.42,3.39,3.39,356682
NWS,20190218,18.06,18.27,17.99,18.24,147790
PVD,20190218,0.019,0.019,0.019,0.019,93334
ELS,20190218,0.475,0.535,0.475,0.535,108652
QTG,20190218,0.008,0.009,0.008,0.009,31517
HT1,20190218,1.885,1.89,1.82,1.88,426997
VHY,20190218,56.25,56.63,56.25,56.42,19724
FGX,20190218,1.19,1.19,1.185,1.19,309402
NXT,20190218,6.98,7.15,6.95,7.14,1456299
ALK,20190218,0.195,0.2,0.195,0.195,197098
BKT,20190218,0.078,0.081,0.076,0.08,1277094
AME,20190218,0.039,0.04,0.035,0.035,259662
TPD,20190218,0.003,0.003,0.003,0.003,7920
TAS,20190218,0.048,0.048,0.048,0.048,25609
CSV,20190218,0.155,0.16,0.155,0.16,53164
JAT,20190218,0.065,0.065,0.062,0.063,6388861
OVH,20190218,0.58,0.6,0.58,0.59,124126
URF,20190218,1.24,1.24,1.215,1.22,9781
PXX,20190218,0.063,0.063,0.059,0.059,189081
AXI,20190218,0.041,0.041,0.039,0.039,125000
LCT,20190218,0.04,0.043,0.04,0.042,855301
CAZ,20190218,0.026,0.03,0.026,0.03,781215
HYD,20190218,0.024,0.025,0.024,0.025,83821
LPE,20190218,0.59,0.59,0.54,0.55,72706
MTO,20190218,1.47,1.5,1.46,1.46,39405
MMJ,20190218,0.255,0.255,0.25,0.255,204846
SSO,20190218,14.63,14.63,14.63,14.63,1999
STA,20190218,0.1,0.1,0.1,0.1,1023830
PME,20190218,14.14,14.94,14.14,14.44,166039
SPY,20190218,389.19,389.19,388.15,388.15,88
AUL,20190218,0.005,0.005,0.004,0.005,44200087
SKO,20190218,3.05,3.05,3.03,3.03,6324
SGP,20190218,3.76,3.77,3.73,3.76,6525150
NVL,20190218,1.855,1.92,1.855,1.91,24671
GDI,20190218,1.43,1.43,1.367,1.4,851974
SLR,20190218,0.625,0.65,0.625,0.65,3558611
MAH,20190218,0.24,0.245,0.24,0.245,2041559
SBW,20190218,0.29,0.3,0.29,0.3,50725
MHJ,20190218,0.56,0.562,0.55,0.55,78603
MAU,20190218,0.23,0.23,0.23,0.23,28010
MND,20190218,16.53,16.97,16.53,16.68,454594
MVA,20190218,23.13,23.22,22.96,23.17,6520
TKM,20190218,0.007,0.007,0.007,0.007,4000
EHH,20190218,0.25,0.25,0.25,0.25,2500
CYG,20190218,0.785,0.81,0.785,0.81,5488
CBC,20190218,0.94,0.94,0.94,0.94,3312
GOZ,20190218,4.03,4.06,3.98,4.04,513205
AFR,20190218,0.02,0.02,0.02,0.02,42400
SIS,20190218,0.073,0.073,0.072,0.073,47324
ACF,20190218,0.445,0.455,0.44,0.45,117735
RKN,20190218,0.69,0.69,0.68,0.68,24511
Z1P,20190218,1.375,1.44,1.375,1.43,1458852
CXO,20190218,0.057,0.057,0.055,0.055,899443
PEN,20190218,0.2,0.2,0.2,0.2,67462
BLY,20190218,0.005,0.005,0.004,0.004,320000
ED1,20190218,1.72,1.745,1.72,1.745,10774
HCH,20190218,0.015,0.015,0.015,0.015,3076695
TBL,20190218,0.008,0.008,0.008,0.008,28166
CCP,20190218,21.85,21.93,21.7,21.8,124328
SCI,20190218,0.011,0.011,0.011,0.011,159080
MVE,20190218,26.46,26.47,26.37,26.37,1350
ANN,20190218,24.25,25.45,24.1,25.21,1110137
NCK,20190218,5.9,5.95,5.78,5.79,125915
AFI,20190218,6.07,6.08,6.04,6.06,281393
DFM,20190218,0.97,0.98,0.96,0.98,5013
CDM,20190218,0.85,0.85,0.835,0.85,394902
GLN,20190218,0.35,0.355,0.345,0.345,179904
PAC,20190218,5.91,5.91,5.62,5.63,22274